Date,Eqw [$],Rdw_1 [$],Rdw_2 [$],Rdw_3 [$],Rdw_4 [$],Rdw_5 [$]
2018-12-14,999900.0,1000000.0,1000100.0,999900.0,999900.0,1000000.0
2018-12-17,970607.05,970075.6,977107.89,970225.8,973272.61,972865.2
2018-12-18,980870.61,976873.11,990069.54,980858.75,981654.97,985467.15
2018-12-19,949740.36,954379.58,953250.74,945553.2,946336.01,966045.56
2018-12-20,926457.55,932431.65,933326.23,926897.77,925282.77,946260.91
2018-12-21,892579.07,902575.19,897388.58,893591.74,892908.71,910371.61
2018-12-24,865848.72,874155.27,874772.16,872420.89,865468.18,888016.18
2018-12-26,931704.91,941619.53,936464.21,936547.96,931383.7,953412.21
2018-12-27,924742.86,937564.27,931052.49,931039.61,924967.83,952693.7
2018-12-28,934230.46,943462.28,935964.8,938774.12,932570.89,952459.68
2018-12-31,938638.58,946375.73,937057.84,936365.95,932170.27,959477.29
2019-01-02,941233.63,943601.25,942849.85,941751.95,931540.31,965528.3
2019-01-03,896546.79,904540.29,889869.37,907785.88,884898.22,921317.17
2019-01-04,942836.24,949982.79,935100.98,956703.48,929474.85,966397.01
2019-01-07,964452.79,963075.6,949811.02,976855.55,944647.94,974561.67
2019-01-08,971450.21,973506.87,957653.55,983110.22,955330.73,985928.98
2019-01-09,981627.03,982553.74,970303.59,992115.59,967487.13,993788.84
2019-01-10,985946.72,984039.93,975059.6,996980.54,972278.42,992065.54
2019-01-11,984822.86,979204.86,975095.47,998059.18,971585.62,983502.28
2019-01-14,975105.86,967593.55,969998.87,992820.43,964001.88,972423.18
2019-01-15,997750.44,994129.12,988820.25,1014693.53,985591.97,1000079.32
2019-01-16,1000423.74,997060.38,990076.73,1013213.38,986484.61,1005188.8
2019-01-17,1008523.21,1003631.73,998704.25,1022134.46,993632.75,1012128.74
2019-01-18,1002461.28,991227.51,1001671.22,1015999.36,981963.26,1017715.8
2019-01-22,973310.55,968999.69,974385.74,987938.55,959462.55,991700.63
2019-01-23,971129.73,965211.66,971020.45,980623.34,951112.76,995866.25
2019-01-24,983055.27,968883.86,983237.97,996926.83,960448.0,996090.72
2019-01-25,999822.94,985149.68,1003321.67,1013257.45,979847.15,1012463.75
2019-01-28,963373.32,966526.57,963305.79,971207.61,952549.87,993276.36
2019-01-29,943507.81,951828.27,943550.28,951225.74,935968.79,976667.9
2019-01-30,986357.1,990492.47,988159.13,987545.64,978650.01,1018176.36
2019-01-31,1009909.96,1009650.5,1020753.71,1029818.91,1012158.76,1031620.48
2019-02-01,997561.36,1000625.14,1017838.11,1024717.57,1010011.51,1014903.64
2019-02-04,1016521.89,1020123.31,1042136.16,1044753.55,1031748.61,1035896.8
2019-02-05,1031255.51,1035762.77,1056005.79,1058067.24,1047005.56,1050802.28
2019-02-06,1026297.48,1024632.45,1054016.15,1050744.28,1042688.68,1038212.89
2019-02-07,1004557.56,1006158.52,1030275.97,1026216.5,1019428.69,1022639.88
2019-02-08,1002226.09,1005113.94,1032039.39,1026292.38,1021036.21,1019914.76
2019-02-11,1000828.91,1005088.72,1027266.51,1024174.34,1018707.17,1017854.79
2019-02-12,1017448.41,1017715.73,1040218.27,1038660.07,1027046.85,1036362.28
2019-02-13,1016725.69,1014700.03,1039099.16,1037644.59,1023805.54,1034949.82
2019-02-14,1015436.16,1012734.9,1041084.77,1037407.83,1023467.5,1034042.8
2019-02-15,1017940.57,1014501.23,1043890.13,1039235.14,1025963.0,1033349.73
2019-02-19,1019705.3,1015527.09,1043786.26,1038965.43,1025073.96,1037258.08
2019-02-20,1020215.56,1013130.58,1046727.31,1039011.31,1025866.88,1035564.03
2019-02-21,1011374.9,1006392.74,1036357.03,1023779.58,1014399.78,1033956.11
2019-02-22,1024411.09,1018789.37,1050736.98,1038009.9,1027747.47,1046095.99
2019-02-25,1029248.37,1025391.65,1057327.96,1043936.84,1036639.5,1050037.23
2019-02-26,1028831.34,1027280.64,1055912.61,1042522.45,1035613.2,1053524.43
2019-02-27,1033608.26,1034163.63,1056762.84,1045594.97,1041106.08,1055196.05
2019-02-28,1031743.99,1034041.37,1052094.25,1044863.28,1038263.72,1053284.61
2019-03-01,1033806.57,1031808.95,1056430.33,1045115.95,1033491.03,1064735.21
2019-03-04,1038023.15,1034740.9,1063534.66,1052463.49,1039325.06,1070427.36
2019-03-05,1036262.01,1034561.26,1066094.94,1057281.25,1040891.9,1071758.36
2019-03-06,1027299.83,1031525.11,1058946.96,1050826.78,1037439.17,1066328.53
2019-03-07,1011430.29,1017903.93,1043634.85,1034966.53,1023492.56,1050378.31
2019-03-08,1015954.62,1022309.41,1048569.65,1040605.71,1029831.17,1051095.91
2019-03-11,1050710.93,1049474.16,1084656.57,1074302.18,1059796.39,1081188.46
2019-03-12,1054267.4,1052762.75,1090465.07,1077362.32,1061579.75,1089891.62
2019-03-13,1068497.09,1061992.78,1104829.49,1092424.38,1074411.48,1096795.04
2019-03-14,1064614.53,1059151.13,1099463.07,1081333.19,1069237.36,1096251.64
2019-03-15,1069150.11,1056166.34,1102493.85,1076147.58,1063394.56,1104347.21
2019-03-18,1070858.64,1055704.28,1098524.24,1065921.19,1055423.51,1112992.71
2019-03-19,1080687.78,1060079.49,1108054.0,1080734.03,1060971.22,1118101.31
2019-03-20,1092209.41,1073743.88,1118283.25,1095278.06,1073620.92,1131437.21
2019-03-21,1118053.23,1091430.03,1148334.81,1114920.85,1096368.96,1153115.51
2019-03-22,1088312.72,1065105.15,1121031.79,1087789.83,1071323.14,1125099.64
2019-03-25,1082189.27,1062043.26,1113334.95,1082092.12,1066840.06,1121512.51
2019-03-26,1088056.43,1065633.8,1117581.61,1090744.44,1072898.77,1119928.32
2019-03-27,1086276.59,1062769.3,1116550.28,1085934.42,1072803.69,1114287.43
2019-03-28,1089512.6,1064753.01,1118445.81,1087608.42,1075201.83,1115175.62
2019-03-29,1097252.74,1071565.01,1127216.1,1095533.2,1083082.04,1121975.47
2019-04-01,1114019.2,1087799.47,1141764.96,1114009.31,1098356.74,1136965.83
2019-04-02,1120500.58,1094906.66,1154516.17,1124211.53,1111056.58,1143502.63
2019-04-03,1132496.2,1102725.83,1166584.11,1135807.75,1120707.8,1150244.89
2019-04-04,1124519.11,1093747.46,1164231.33,1130425.83,1112596.81,1150010.78
2019-04-05,1134029.18,1099653.41,1171791.57,1136433.05,1120221.39,1154223.66
2019-04-08,1138692.59,1101170.34,1176797.78,1135480.19,1122838.48,1158995.19
2019-04-09,1133146.03,1098407.25,1173882.71,1133233.43,1122661.91,1153466.53
2019-04-10,1142230.96,1105702.19,1182613.31,1141658.62,1130466.93,1160452.87
2019-04-11,1136642.47,1100886.99,1177101.48,1137508.76,1123654.67,1158151.5
2019-04-12,1137216.32,1105216.34,1178585.76,1141060.82,1126268.03,1162733.17
2019-04-15,1132062.98,1105052.69,1172709.26,1134778.06,1123089.97,1163851.25
2019-04-16,1140819.57,1110067.52,1178831.23,1143534.02,1128352.23,1167612.85
2019-04-17,1145405.15,1115976.29,1185508.74,1144097.63,1133465.08,1177338.37
2019-04-18,1147166.27,1120437.86,1186977.17,1143828.82,1135977.56,1181801.24
2019-04-22,1153155.13,1124041.53,1194786.76,1151937.37,1140367.9,1190090.94
2019-04-23,1168955.87,1138601.88,1210199.42,1166073.24,1154447.39,1207313.14
2019-04-24,1162288.18,1130993.12,1205838.32,1159163.49,1148294.25,1200471.03
2019-04-25,1163384.14,1143739.03,1213342.57,1170892.77,1161399.41,1211218.16
2019-04-26,1154719.41,1139885.9,1196926.88,1154961.55,1145809.98,1217690.66
2019-04-29,1160253.61,1147882.53,1205861.82,1167686.38,1156619.21,1221205.1
2019-04-30,1147311.54,1126572.27,1191045.98,1144348.4,1144481.08,1192714.4
2019-05-01,1148328.51,1120922.52,1200222.8,1133615.29,1149068.92,1191654.53
2019-05-02,1149449.76,1119181.47,1200780.22,1137986.19,1150912.5,1183931.43
2019-05-03,1171472.59,1143317.14,1217727.79,1157620.22,1170770.97,1208555.46
2019-05-06,1161312.77,1136841.44,1205080.69,1150353.0,1160262.68,1201155.81
2019-05-07,1133497.06,1112438.51,1174005.64,1123446.44,1131088.62,1177646.78
2019-05-08,1132391.75,1109815.54,1173599.67,1121320.45,1129781.78,1175302.9
2019-05-09,1121467.55,1103193.72,1162192.63,1111534.71,1120378.09,1168417.56
2019-05-10,1116666.98,1102729.36,1156414.02,1109167.22,1115993.42,1167645.37
2019-05-13,1067261.73,1060258.1,1102263.3,1064221.96,1066152.19,1123481.47
2019-05-14,1079202.71,1067657.2,1113364.19,1069610.19,1075815.45,1130821.34
2019-05-15,1091960.34,1087368.97,1127400.74,1087877.2,1091555.18,1153378.34
2019-05-16,1100565.09,1097592.64,1132295.15,1095707.2,1095736.86,1167636.6
2019-05-17,1080071.58,1078762.74,1115846.35,1073862.57,1076950.11,1153299.57
2019-05-20,1058936.56,1058823.64,1090126.86,1053135.78,1053834.0,1132551.93
2019-05-21,1069186.24,1067525.33,1105005.0,1064069.91,1066209.58,1142083.59
2019-05-22,1058798.7,1060649.09,1093360.21,1056546.54,1054590.58,1138633.0
2019-05-23,1039635.09,1046127.9,1072631.61,1037709.63,1036852.03,1121348.33
2019-05-24,1035218.98,1042325.14,1067155.74,1031630.94,1031844.71,1119294.78
2019-05-28,1035233.55,1044029.19,1067379.6,1034348.22,1034157.4,1120293.46
2019-05-29,1024818.65,1034253.8,1056027.46,1021341.07,1024603.63,1109006.18
2019-05-30,1025210.66,1036638.56,1057760.42,1021273.93,1026696.75,1112126.11
2019-05-31,1003852.52,1016835.91,1034847.91,998722.41,1004025.54,1092321.49
2019-06-03,968455.41,974242.2,998759.99,949381.51,963838.97,1050495.95
2019-06-04,1003856.1,1004559.34,1036148.23,982565.83,999087.66,1078566.36
2019-06-05,1010305.03,1013549.78,1042587.16,982626.37,1007519.22,1087736.53
2019-06-06,1024532.45,1026986.15,1055833.15,993318.24,1021275.65,1099686.49
2019-06-07,1047228.87,1050591.07,1079815.42,1013566.16,1044135.69,1127731.14
2019-06-10,1067522.79,1067520.21,1095735.94,1030775.35,1059856.14,1145683.85
2019-06-11,1075739.64,1073458.93,1107321.72,1040754.22,1071794.61,1148619.73
2019-06-12,1063120.88,1063231.28,1093146.75,1024549.47,1056948.54,1143105.19
2019-06-13,1072612.54,1072984.28,1102465.75,1037538.11,1067144.81,1150883.71
2019-06-14,1069409.58,1074537.54,1100129.82,1038546.24,1069513.54,1148925.27
2019-06-17,1082708.09,1090322.7,1116382.02,1058975.69,1090985.28,1157565.62
2019-06-18,1102048.42,1103627.98,1138163.52,1074126.18,1106399.7,1174714.11
2019-06-19,1103312.41,1104666.92,1137284.59,1074046.99,1105740.37,1175833.34
2019-06-20,1108377.38,1109938.07,1144820.29,1079351.91,1111146.49,1184532.48
2019-06-21,1106734.98,1112723.69,1143833.73,1081696.22,1112763.82,1185528.28
2019-06-24,1109915.49,1115878.41,1147469.6,1085491.81,1117473.14,1186640.01
2019-06-25,1088934.74,1090338.17,1126633.76,1064225.19,1095830.85,1159168.33
2019-06-26,1104206.36,1095630.61,1143355.54,1072992.26,1106119.8,1167525.04
2019-06-27,1111891.27,1100085.99,1152015.53,1082863.43,1114438.38,1169008.42
2019-06-28,1112041.33,1101903.2,1154946.73,1090766.7,1119024.56,1166879.13
2019-07-01,1127022.0,1115946.72,1168763.87,1101715.51,1131086.96,1184083.78
2019-07-02,1127886.26,1121737.73,1169754.73,1102593.81,1133779.3,1192368.49
2019-07-03,1138112.95,1134220.69,1180642.55,1114723.44,1147365.97,1201047.54
2019-07-05,1134754.21,1132982.96,1175901.29,1111173.42,1142839.92,1202097.19
2019-07-08,1125198.36,1124746.08,1161836.71,1101579.24,1131427.81,1193180.71
2019-07-09,1133435.49,1131287.02,1169390.69,1110640.83,1139281.72,1200820.08
2019-07-10,1151085.55,1148718.79,1186813.82,1130272.07,1157981.52,1215973.2
2019-07-11,1154320.59,1148373.91,1191468.54,1136888.63,1158985.55,1214629.75
2019-07-12,1164122.46,1158143.04,1203029.41,1148676.9,1172606.81,1220701.61
2019-07-15,1170245.71,1164346.23,1207260.98,1152000.16,1177945.99,1226076.03
2019-07-16,1165258.1,1158656.91,1203394.78,1149901.6,1173628.85,1219858.09
2019-07-17,1162709.83,1153375.03,1201072.55,1148183.64,1170148.05,1212386.85
2019-07-18,1162966.73,1153265.38,1203888.7,1146004.21,1171180.05,1213768.26
2019-07-19,1155118.61,1147233.56,1192751.17,1137373.83,1163020.08,1204255.46
2019-07-22,1170581.35,1160993.51,1212359.35,1151190.23,1180404.96,1220457.45
2019-07-23,1181935.45,1169496.25,1224113.31,1162296.0,1190199.68,1228614.24
2019-07-24,1190243.33,1176641.09,1233089.79,1171939.39,1200393.02,1231920.73
2019-07-25,1161729.49,1149574.81,1207652.56,1139162.46,1167336.26,1219818.21
2019-07-26,1170612.76,1170552.1,1220801.01,1165493.28,1175191.45,1247896.26
2019-07-29,1167763.73,1167736.82,1218690.37,1157970.8,1173420.07,1242863.08
2019-07-30,1166695.06,1166186.92,1218657.58,1159095.77,1175985.74,1235566.94
2019-07-31,1151727.6,1152095.51,1206741.08,1138041.89,1164443.27,1223516.28
2019-08-01,1138676.35,1144665.2,1190998.01,1125840.84,1150569.12,1217367.49
2019-08-02,1120652.01,1129757.34,1170326.84,1108732.26,1132560.67,1199839.47
2019-08-05,1073513.81,1087322.46,1116667.09,1063383.06,1084512.48,1153619.59
2019-08-06,1089460.37,1104653.52,1134093.56,1078270.96,1101473.29,1172635.07
2019-08-07,1096646.04,1110948.6,1142302.34,1084326.07,1109036.26,1178954.74
2019-08-08,1123565.28,1138694.73,1171122.97,1112622.91,1136891.29,1207984.04
2019-08-09,1108254.18,1125450.36,1155504.41,1095638.11,1122745.03,1194444.07
2019-08-12,1094318.97,1111056.06,1142385.81,1079458.23,1108779.4,1181697.41
2019-08-13,1123611.32,1137706.26,1174690.26,1102924.31,1138011.23,1211875.72
2019-08-14,1082858.61,1096711.13,1131874.77,1059563.72,1093357.52,1174040.27
2019-08-15,1082075.16,1096894.02,1131331.17,1061850.5,1093858.82,1174520.27
2019-08-16,1107956.81,1114962.25,1160888.43,1085902.13,1117305.32,1193291.98
2019-08-19,1136698.95,1136686.8,1192733.81,1116520.19,1143986.65,1214347.53
2019-08-20,1126940.99,1127064.37,1182435.84,1102909.26,1134385.56,1204948.98
2019-08-21,1136806.29,1133665.01,1192428.07,1109260.64,1140099.02,1216637.73
2019-08-22,1132553.55,1128940.9,1189109.19,1105580.87,1136325.6,1210873.81
2019-08-23,1088863.94,1089352.28,1142175.13,1066220.92,1093902.17,1168149.08
2019-08-26,1106029.74,1106377.88,1161459.05,1082896.58,1111978.33,1186173.21
2019-08-27,1098881.9,1104074.4,1153523.68,1078506.26,1107301.39,1182393.72
2019-08-28,1101107.26,1106489.25,1156361.53,1080035.82,1110324.19,1184962.7
2019-08-29,1124034.74,1128210.28,1181999.41,1105206.57,1134472.64,1205879.54
2019-08-30,1123777.22,1127935.68,1182363.14,1106024.3,1135898.9,1202806.4
2019-09-03,1112399.97,1114674.57,1164648.78,1090422.53,1119718.71,1190092.11
2019-09-04,1127093.69,1127435.4,1185265.05,1107626.6,1137239.37,1204431.74
2019-09-05,1160499.73,1154378.9,1220664.79,1143913.83,1168253.21,1230793.63
2019-09-06,1153741.91,1146266.8,1212402.59,1133247.65,1158574.5,1224936.72
2019-09-09,1156878.07,1146608.56,1217276.93,1138435.59,1163425.94,1222561.01
2019-09-10,1159450.85,1144932.89,1221099.5,1138300.5,1164324.17,1221321.16
2019-09-11,1175593.93,1161008.25,1241542.91,1152190.57,1185260.07,1235604.05
2019-09-12,1179609.99,1166229.31,1242281.82,1155130.87,1185182.17,1244088.4
2019-09-13,1171406.87,1161766.87,1231268.37,1151868.36,1176587.16,1238207.31
2019-09-16,1163077.3,1154474.14,1226482.82,1142590.85,1171535.45,1230739.78
2019-09-17,1169910.1,1161000.82,1233257.52,1148829.75,1179115.15,1236426.5
2019-09-18,1171514.19,1164790.34,1236532.39,1148177.3,1182139.95,1241928.12
2019-09-19,1172736.41,1173258.23,1236127.17,1152101.29,1186254.9,1248214.11
2019-09-20,1155527.06,1159448.74,1219813.29,1138516.86,1171914.18,1233382.11
2019-09-23,1156232.87,1157732.54,1220426.3,1136925.29,1169579.09,1233426.92
2019-09-24,1133060.34,1133291.26,1199725.24,1109650.13,1143634.07,1215849.22
2019-09-25,1154540.93,1152531.34,1221874.98,1131743.95,1162841.25,1236584.05
2019-09-26,1151958.95,1153264.73,1217649.15,1129618.01,1162504.93,1230950.88
2019-09-27,1136976.93,1140190.01,1200302.88,1110755.65,1147494.49,1217963.17
2019-09-30,1147897.28,1147898.61,1214449.87,1115298.03,1158982.75,1228294.25
2019-10-01,1144952.66,1141114.53,1209911.71,1108465.28,1154268.75,1220608.47
2019-10-02,1127965.46,1122357.73,1191271.33,1095020.02,1137769.99,1197021.14
2019-10-03,1142822.39,1131751.29,1212752.02,1114610.65,1153162.16,1208990.72
2019-10-04,1156503.2,1146162.94,1229544.09,1123585.1,1167009.77,1228945.27
2019-10-07,1158848.18,1145982.36,1231971.58,1126981.23,1169268.25,1225839.77
2019-10-08,1140639.51,1133144.02,1211797.56,1108083.71,1154349.38,1209746.08
2019-10-09,1156953.58,1149521.85,1229338.16,1124222.43,1171160.98,1226040.58
2019-10-10,1164508.98,1155839.41,1239563.51,1129923.25,1179088.88,1233865.85
2019-10-11,1181056.85,1169953.1,1261746.69,1144981.73,1199862.72,1247942.58
2019-10-14,1184782.09,1173568.89,1262982.57,1148689.75,1202845.97,1248603.9
2019-10-15,1207787.58,1192068.24,1288360.39,1181244.55,1224941.53,1265442.37
2019-10-16,1205311.08,1190260.06,1283986.04,1179830.67,1222570.76,1262700.44
2019-10-17,1208936.46,1193382.92,1287479.95,1184371.73,1226099.02,1265945.08
2019-10-18,1193780.3,1178373.82,1273176.14,1164327.66,1210091.53,1254382.53
2019-10-21,1210629.19,1189165.18,1293881.34,1179500.55,1226968.27,1267327.38
2019-10-22,1200465.28,1176322.4,1280206.56,1164198.32,1210755.41,1256622.0
2019-10-23,1207261.74,1186400.01,1292053.25,1173563.58,1222854.01,1267198.6
2019-10-24,1232991.35,1216562.8,1309813.72,1199478.92,1252198.31,1280508.26
2019-10-25,1255389.18,1236870.14,1335097.35,1225852.89,1280518.9,1288106.31
2019-10-28,1269927.03,1254096.25,1350771.72,1240401.52,1294483.34,1308518.31
2019-10-29,1248907.56,1234086.65,1328468.13,1221822.29,1274020.88,1287929.81
2019-10-30,1252362.06,1237715.24,1329172.19,1221580.96,1274269.92,1293912.6
2019-10-31,1255983.79,1241293.98,1338609.04,1223028.22,1284056.91,1297857.89
2019-11-01,1269594.82,1252527.06,1356924.39,1231929.55,1298864.24,1313673.72
2019-11-04,1286890.05,1264549.28,1375915.26,1252042.23,1313849.7,1325291.95
2019-11-05,1284692.18,1263280.89,1373367.89,1249937.12,1311679.48,1324154.91
2019-11-06,1283181.18,1263527.71,1368853.03,1245956.93,1309518.44,1322279.65
2019-11-07,1290623.01,1272287.43,1377133.73,1252612.74,1317766.53,1330247.18
2019-11-08,1293682.12,1278188.15,1380621.36,1254971.27,1322285.64,1335886.09
2019-11-11,1295985.17,1279954.85,1383799.06,1253650.89,1326620.4,1334605.91
2019-11-12,1304051.19,1289266.24,1393994.54,1266814.94,1339736.44,1338936.47
2019-11-13,1300345.51,1286949.95,1393969.42,1260335.06,1338042.6,1338890.37
2019-11-14,1303176.5,1291449.66,1395306.65,1267065.53,1339938.95,1342091.3
2019-11-15,1304804.77,1303350.77,1400024.14,1269573.05,1348140.63,1354629.29
2019-11-18,1317011.26,1306579.74,1415418.39,1281676.95,1359303.23,1356912.43
2019-11-19,1315664.4,1310338.5,1412446.11,1281801.86,1362689.64,1355278.69
2019-11-20,1309715.56,1300266.63,1405926.22,1276777.31,1353102.09,1346156.49
2019-11-21,1306750.06,1299336.67,1403138.84,1276157.11,1352301.96,1342617.6
2019-11-22,1300678.97,1289738.82,1399547.55,1268433.39,1343046.52,1341383.14
2019-11-25,1326031.13,1306003.86,1427202.13,1291354.18,1364269.86,1359489.61
2019-11-26,1320363.53,1303718.48,1417023.37,1284083.75,1354722.65,1362120.7
2019-11-27,1331740.19,1312720.14,1430272.4,1293326.2,1367789.92,1371109.48
2019-11-29,1324435.16,1306143.54,1424232.62,1286601.08,1362451.53,1363475.79
2019-12-02,1307138.41,1294285.81,1403400.27,1269141.55,1347695.6,1347791.78
2019-12-03,1298715.01,1289526.74,1392247.07,1266409.53,1338990.97,1340468.83
2019-12-04,1303484.15,1295268.44,1400348.08,1272976.27,1343697.47,1349691.37
2019-12-05,1304327.25,1297739.34,1406520.43,1272713.25,1348321.5,1354129.06
2019-12-06,1321781.98,1314044.64,1426981.5,1287580.89,1367136.64,1371017.06
2019-12-09,1318621.5,1312368.55,1421484.56,1289876.05,1363957.6,1365754.25
2019-12-10,1324062.49,1317015.24,1427870.27,1295286.6,1371015.88,1366936.67
2019-12-11,1334698.13,1324748.81,1440046.41,1305051.34,1382147.0,1373641.4
2019-12-12,1346472.93,1330687.91,1447556.78,1311447.99,1385141.49,1381219.2
2019-12-13,1349946.27,1333453.68,1451342.06,1306896.16,1386510.68,1388186.7
2019-12-16,1370913.65,1357062.27,1473921.13,1329135.06,1414370.11,1403643.42
2019-12-17,1375705.16,1355814.81,1478183.24,1332345.11,1416008.78,1403826.27
2019-12-18,1382613.95,1364210.91,1486656.66,1345920.81,1429705.4,1402666.52
2019-12-19,1398968.95,1378413.43,1504566.09,1367226.6,1448771.06,1410455.54
2019-12-20,1404356.7,1382350.48,1510924.27,1373421.82,1454296.77,1412320.58
2019-12-23,1414663.35,1392573.73,1521132.57,1378565.81,1466762.71,1419808.15
2019-12-24,1415423.31,1393433.61,1520800.1,1377756.39,1467801.53,1418500.93
2019-12-26,1439688.9,1414399.52,1540736.65,1394244.63,1487299.85,1444259.63
2019-12-27,1436717.67,1413064.0,1537218.86,1389589.61,1485485.56,1442698.56
2019-12-30,1419243.45,1395272.24,1521938.83,1364464.39,1466658.98,1432524.79
2019-12-31,1427171.95,1400628.62,1531880.91,1372011.48,1475453.05,1436728.23
2020-01-02,1459885.0,1432281.69,1565529.7,1402865.24,1508610.89,1468807.3
2020-01-03,1450312.62,1426617.01,1553412.55,1396914.26,1502598.07,1455551.79
2020-01-06,1466588.35,1444872.9,1569958.49,1417797.86,1520548.4,1472754.95
2020-01-07,1473810.32,1449717.54,1574595.95,1429140.18,1528632.83,1469127.76
2020-01-08,1491729.9,1473454.8,1595241.93,1447103.87,1554805.62,1484585.05
2020-01-09,1504556.93,1484971.45,1615211.04,1456770.72,1569262.24,1503253.7
2020-01-10,1502906.67,1482880.68,1616758.76,1457581.85,1568442.98,1502295.11
2020-01-13,1543195.72,1522317.5,1658007.12,1499261.25,1617294.43,1524068.55
2020-01-14,1531364.24,1515788.23,1641056.49,1489675.95,1607016.81,1510451.11
2020-01-15,1522834.09,1510416.16,1636269.26,1484554.03,1599407.59,1511332.45
2020-01-16,1536376.87,1522897.52,1652099.04,1494095.96,1611026.49,1529208.45
2020-01-17,1541467.74,1531063.72,1661634.9,1500417.66,1617806.31,1541269.27
2020-01-21,1554301.26,1546767.31,1664124.79,1515121.52,1631003.01,1543393.79
2020-01-22,1564910.96,1556713.85,1673324.06,1527253.21,1644310.77,1544382.47
2020-01-23,1570777.83,1560847.49,1679534.43,1530527.83,1648660.24,1548946.75
2020-01-24,1556350.31,1545496.88,1666387.32,1514001.97,1634814.03,1534701.53
2020-01-27,1519344.84,1515122.95,1623774.42,1480153.78,1598957.82,1501013.4
2020-01-28,1551775.89,1543261.97,1661216.24,1507827.45,1632433.9,1530315.06
2020-01-29,1569291.18,1567068.27,1683232.43,1523174.35,1660016.07,1549470.49
2020-01-30,1591305.85,1594671.7,1684775.17,1530545.25,1672906.22,1562731.15
2020-01-31,1577598.53,1577923.65,1637808.65,1508813.13,1635047.6,1547393.74
2020-02-03,1640438.39,1659859.17,1684588.37,1589070.1,1715219.78,1577947.04
2020-02-04,1713495.62,1735215.87,1748318.34,1652758.93,1805136.34,1611430.02
2020-02-05,1661350.74,1665466.77,1721672.4,1591627.3,1734387.97,1603817.37
2020-02-06,1683736.82,1691162.93,1744255.73,1613714.12,1757703.17,1627674.54
2020-02-07,1680853.64,1690858.37,1735890.47,1614297.6,1752668.31,1626784.56
2020-02-10,1720539.76,1726505.26,1769985.9,1654810.41,1786132.61,1657840.61
2020-02-11,1718556.76,1713337.52,1762072.23,1650970.27,1773192.35,1646224.71
2020-02-12,1733951.17,1723288.5,1785816.28,1663245.89,1790828.89,1661256.02
2020-02-13,1741764.07,1736730.44,1789468.83,1678586.53,1807246.67,1656232.27
2020-02-14,1763077.05,1744221.93,1818390.76,1707438.54,1824921.39,1662255.73
2020-02-18,1793543.92,1777342.12,1838576.67,1750696.59,1861128.36,1666880.56
2020-02-19,1844633.48,1816445.87,1886751.46,1804379.84,1912825.95,1683917.66
2020-02-20,1818983.47,1791835.72,1860298.55,1778191.28,1884570.96,1665574.97
2020-02-21,1774603.37,1755994.91,1811438.81,1736013.58,1845275.1,1623589.73
2020-02-24,1676932.23,1663862.27,1712650.6,1636929.49,1742307.16,1549428.58
2020-02-25,1626676.32,1618647.21,1659680.44,1588184.3,1689231.32,1511983.21
2020-02-26,1634306.75,1620378.16,1673816.48,1590705.35,1693285.33,1524708.94
2020-02-27,1519821.49,1499652.17,1564566.39,1482749.63,1569486.74,1429214.01
2020-02-28,1543438.6,1513563.93,1595638.67,1514965.89,1589064.97,1445601.08
2020-03-02,1637041.48,1614086.81,1689565.23,1586692.44,1692758.36,1533889.29
2020-03-03,1588632.48,1564503.11,1630774.86,1535642.46,1639184.88,1479964.67
2020-03-04,1649891.66,1613474.16,1700503.03,1591764.72,1696530.94,1535937.54
2020-03-05,1595059.91,1559946.88,1641697.85,1532945.07,1639637.34,1485099.49
2020-03-06,1561391.22,1525233.88,1606985.78,1497280.02,1602693.11,1457142.27
2020-03-09,1435539.71,1399352.98,1479511.67,1375011.49,1465216.09,1355527.89
2020-03-10,1524396.24,1485764.43,1573720.42,1455068.01,1557140.66,1440093.79
2020-03-11,1463865.4,1428709.96,1507926.57,1392493.16,1497675.86,1379942.9
2020-03-12,1316262.25,1289114.49,1352861.97,1250246.1,1343709.49,1253114.95
2020-03-13,1429290.94,1398968.01,1489396.2,1349625.28,1459183.02,1386516.36
2020-03-16,1232822.78,1204408.73,1270051.76,1148553.4,1239646.24,1218421.09
2020-03-17,1297693.66,1254520.29,1336662.09,1199925.32,1288679.46,1286326.59
2020-03-18,1240061.55,1194056.89,1277837.07,1136414.43,1219782.89,1253047.31
2020-03-19,1289575.83,1243720.32,1317737.87,1198449.53,1274836.93,1274095.37
2020-03-20,1247152.01,1203752.06,1265915.03,1166890.88,1231652.28,1223711.35
2020-03-23,1255822.12,1200858.86,1264911.97,1175199.38,1229369.78,1218108.55
2020-03-24,1383583.17,1317932.66,1409386.32,1308195.76,1369658.74,1314210.31
2020-03-25,1376538.29,1315508.97,1398467.56,1299169.66,1369498.58,1295182.5
2020-03-26,1429896.29,1366598.95,1460643.34,1346615.48,1420273.94,1360601.26
2020-03-27,1384095.71,1316731.9,1411208.03,1304103.28,1371201.26,1308230.71
2020-03-30,1432194.65,1363380.87,1466793.21,1351699.69,1418544.07,1363525.18
2020-03-31,1434330.32,1369380.8,1467610.94,1360733.53,1425911.85,1359882.65
2020-04-01,1358492.89,1301254.29,1384463.5,1281817.86,1345603.27,1302274.37
2020-04-02,1372668.67,1304286.58,1405496.62,1291714.14,1350313.19,1319978.79
2020-04-03,1357668.76,1299080.24,1380401.1,1272886.92,1338767.44,1304125.98
2020-04-06,1463209.38,1397827.37,1496736.36,1375786.94,1447408.77,1401380.56
2020-04-07,1461785.28,1406429.91,1487921.19,1379857.01,1453899.29,1396029.72
2020-04-08,1490817.41,1430172.08,1522789.23,1409826.4,1484510.85,1420941.82
2020-04-09,1498171.31,1443238.64,1527566.8,1416451.71,1497772.36,1425075.94
2020-04-13,1559010.62,1495820.1,1567802.99,1467512.62,1552065.84,1456192.74
2020-04-14,1644626.42,1577232.66,1645827.49,1542525.5,1633923.76,1528189.44
2020-04-15,1645450.72,1578806.56,1638030.78,1543077.37,1633344.42,1522257.02
2020-04-16,1689239.33,1609606.92,1672027.39,1577498.6,1662990.85,1553674.88
2020-04-17,1686455.31,1617583.99,1670788.26,1586821.72,1668156.04,1553912.78
2020-04-20,1667157.07,1596989.67,1645187.0,1568819.34,1644807.2,1534222.11
2020-04-21,1588686.39,1520898.23,1568275.64,1485404.75,1562011.74,1476744.75
2020-04-22,1655882.31,1586661.61,1641628.19,1564577.54,1639920.19,1524457.41
2020-04-23,1647098.83,1574872.94,1633731.05,1557829.1,1626550.24,1523996.78
2020-04-24,1678171.81,1604926.6,1670216.77,1586133.7,1664973.54,1547523.75
2020-04-27,1707790.65,1635320.68,1693433.62,1621705.08,1702783.78,1546596.11
2020-04-28,1665129.79,1590703.35,1654743.17,1577205.07,1659784.27,1508331.37
2020-04-29,1728227.74,1665304.87,1721820.23,1652716.39,1730812.5,1578116.49
2020-04-30,1743436.19,1681383.48,1737749.42,1661352.96,1747195.72,1605422.67
2020-05-01,1662026.19,1606840.69,1682346.91,1589453.58,1677145.98,1550133.22
2020-05-04,1710631.97,1656319.55,1725328.28,1638785.6,1731893.55,1577185.95
2020-05-05,1726680.62,1674315.2,1744668.92,1655379.29,1750566.91,1595038.2
2020-05-06,1747380.43,1691571.22,1763209.08,1671922.09,1770504.09,1608640.23
2020-05-07,1765125.62,1704984.5,1785141.41,1692814.38,1787091.41,1624798.54
2020-05-08,1801615.76,1738337.79,1821757.59,1727635.69,1827458.98,1646141.89
2020-05-11,1823691.35,1751005.71,1847631.79,1746268.15,1843724.55,1665934.18
2020-05-12,1790616.26,1723727.87,1814026.45,1713344.84,1815818.18,1635319.35
2020-05-13,1771289.73,1696873.52,1790203.36,1688201.1,1786828.24,1616037.24
2020-05-14,1794793.49,1712504.53,1814413.45,1713835.97,1808516.19,1627154.84
2020-05-15,1822012.01,1727493.29,1845987.1,1751803.81,1830813.38,1640850.7
2020-05-18,1853968.2,1751830.69,1882572.32,1781306.12,1863665.67,1662244.15
2020-05-19,1855074.89,1748062.32,1884031.77,1785920.89,1864505.3,1657690.18
2020-05-20,1892276.94,1784653.64,1929233.77,1832151.61,1910697.46,1690360.94
2020-05-21,1876155.14,1778446.16,1915010.68,1823516.52,1905605.51,1674342.78
2020-05-22,1887188.98,1781332.05,1934968.84,1840234.66,1917531.64,1679086.0
2020-05-26,1866017.69,1770770.69,1909151.56,1818296.69,1898334.81,1669059.19
2020-05-27,1856384.24,1768046.49,1897348.4,1802687.86,1889574.99,1668768.51
2020-05-28,1845326.6,1755984.8,1886527.42,1787100.48,1874063.02,1664559.49
2020-05-29,1882366.87,1782055.85,1918037.72,1827486.68,1904279.04,1680623.16
2020-06-01,1915003.02,1821780.4,1945099.6,1864133.29,1951147.39,1694360.87
2020-06-02,1915175.83,1822437.0,1948931.54,1862701.85,1950148.66,1702718.08
2020-06-03,1914803.67,1822778.33,1946340.53,1855921.34,1947603.54,1705579.14
2020-06-04,1894940.88,1797107.11,1926835.02,1833241.41,1922692.5,1685619.18
2020-06-05,1933399.23,1836318.88,1969723.43,1869038.13,1966449.98,1720835.22
2020-06-08,1962757.97,1874670.34,1985733.5,1896341.31,2001767.85,1737325.83
2020-06-09,1999005.15,1897676.63,2028584.01,1925221.29,2035443.87,1769035.99
2020-06-10,2070308.35,1967705.44,2089102.77,1986996.48,2108416.18,1813478.64
2020-06-11,1968039.89,1871104.42,1980447.01,1884761.12,1999585.36,1729330.84
2020-06-12,1966526.01,1864934.28,1991685.83,1885635.83,1998446.02,1736577.5
2020-06-15,2011286.14,1906169.56,2033084.85,1933906.65,2049407.7,1755923.89
2020-06-16,2028614.52,1929125.79,2053199.77,1940233.36,2067733.04,1790147.89
2020-06-17,2044262.4,1939483.99,2065831.93,1957439.37,2078975.86,1797837.63
2020-06-18,2051626.52,1948757.31,2069854.3,1961261.53,2087765.64,1802114.45
2020-06-19,2052833.83,1946394.84,2070468.71,1966290.18,2088262.1,1798731.66
2020-06-22,2086579.44,1972667.62,2108813.29,1989936.88,2115986.38,1835238.03
2020-06-23,2105697.0,1993109.35,2127178.41,2000260.53,2136227.2,1858959.25
2020-06-24,2056575.07,1941918.77,2075625.6,1944639.39,2077565.84,1823050.17
2020-06-25,2090595.96,1970471.02,2110207.24,1977875.16,2112243.52,1843738.76
2020-06-26,2021505.23,1900826.84,2027689.57,1890379.95,2027942.57,1783951.87
2020-06-29,2057953.8,1945686.93,2067123.63,1931042.68,2078197.97,1811392.99
2020-06-30,2123835.79,2010384.63,2123025.39,2001358.78,2148147.35,1850001.87
2020-07-01,2165351.9,2053050.75,2152710.07,2050289.39,2191413.51,1878031.74
2020-07-02,2206187.92,2101386.8,2177429.06,2094655.64,2235912.37,1895161.54
2020-07-06,2323655.16,2221412.4,2265729.47,2208666.06,2361436.71,1961028.05
2020-07-07,2319476.13,2218479.06,2265622.47,2212335.67,2366310.46,1945100.91
2020-07-08,2354821.44,2238011.32,2305472.04,2236034.01,2390031.75,1981665.12
2020-07-09,2397991.01,2269118.52,2337674.25,2276163.09,2422188.98,2007432.87
2020-07-10,2458761.12,2345847.91,2375883.16,2348176.98,2500414.92,2026082.77
2020-07-13,2391997.17,2285238.02,2317683.94,2276387.09,2437135.43,1981223.36
2020-07-14,2421359.49,2306764.01,2354036.69,2306759.26,2469499.88,1995571.75
2020-07-15,2417879.44,2314983.11,2355391.29,2306366.13,2482088.25,1988564.21
2020-07-16,2385393.61,2279592.84,2327479.99,2279728.1,2444984.3,1968353.78
2020-07-17,2381654.52,2275227.12,2329060.6,2282182.08,2445924.5,1959896.19
2020-07-20,2507368.63,2399892.75,2417829.75,2397066.18,2563482.13,2045851.98
2020-07-21,2450533.31,2343328.89,2370740.13,2341309.36,2500711.88,2015725.38
2020-07-22,2464271.94,2361357.85,2385504.99,2357575.44,2518860.33,2024038.85
2020-07-23,2364992.59,2261472.87,2291951.34,2268683.44,2414501.13,1942044.0
2020-07-24,2330466.28,2212097.03,2267446.24,2226671.45,2361732.17,1933158.71
2020-07-27,2409593.08,2294103.18,2333373.34,2306054.19,2453288.76,1971259.21
2020-07-28,2355288.19,2241143.59,2285982.9,2250362.86,2395278.3,1938443.0
2020-07-29,2393821.17,2273617.29,2326582.4,2287824.25,2434582.29,1965835.36
2020-07-30,2404975.93,2276787.57,2342575.88,2296142.77,2442391.34,1976315.65
2020-07-31,2451815.84,2301454.33,2422815.36,2299161.45,2502031.76,2035792.3
2020-08-03,2508225.24,2360779.24,2485289.8,2346901.66,2568891.49,2075651.13
2020-08-04,2519488.54,2356582.23,2496053.92,2353312.72,2572516.76,2073146.63
2020-08-05,2531893.7,2361866.28,2502455.62,2359598.47,2575324.74,2084765.12
2020-08-06,2571487.04,2405306.6,2560282.28,2400846.82,2634556.5,2126681.89
2020-08-07,2528566.67,2366871.24,2524025.7,2375105.72,2596258.09,2092120.8
2020-08-10,2510153.35,2339823.79,2512968.72,2345411.56,2571012.59,2084406.63
2020-08-11,2443634.02,2280151.38,2444547.79,2286103.82,2499563.61,2036049.71
2020-08-12,2577691.57,2409932.76,2560742.94,2419010.95,2647267.81,2102190.83
2020-08-13,2612807.23,2449857.81,2592672.48,2452625.25,2694193.06,2118970.31
2020-08-14,2626710.35,2462400.41,2604641.23,2469443.84,2712023.03,2117262.21
2020-08-17,2737767.41,2563236.32,2692344.83,2598859.0,2832116.5,2141783.6
2020-08-18,2781068.67,2609469.24,2716211.09,2635445.26,2868852.44,2179267.02
2020-08-19,2763535.4,2596583.42,2705157.25,2619121.66,2858575.88,2166518.58
2020-08-20,2839578.44,2689012.69,2770012.04,2696995.88,2955568.18,2214909.64
2020-08-21,2904502.34,2730259.47,2848761.94,2743499.87,3024729.92,2246902.39
2020-08-24,2906299.62,2726867.43,2860194.65,2740707.27,3025144.64,2260014.36
2020-08-25,2922490.73,2749043.35,2874887.46,2770589.0,3047069.05,2274010.02
2020-08-26,3016198.56,2861561.68,2959854.59,2885090.02,3173313.61,2331092.09
2020-08-27,3029049.75,2893518.21,2951697.14,2894458.31,3191368.48,2329873.98
2020-08-28,3046434.27,2893550.62,2977247.52,2917818.9,3198865.92,2338236.25
2020-08-31,3182131.77,3033922.07,3080626.15,3048763.57,3364918.72,2375314.55
2020-09-01,3193423.93,3013914.12,3121762.69,3037241.96,3356916.01,2414503.33
2020-09-02,3172091.75,2974810.94,3119684.48,3038623.28,3311223.72,2425854.13
2020-09-03,2934358.76,2762344.44,2883006.67,2817208.8,3061447.91,2270052.27
2020-09-04,2915518.12,2757408.97,2854795.55,2788195.28,3055151.16,2241453.81
2020-09-08,2634243.21,2458255.22,2618179.38,2507183.51,2722723.63,2101520.65
2020-09-09,2789542.3,2600738.18,2754472.78,2653828.36,2884372.33,2184486.23
2020-09-10,2738364.31,2566748.41,2693337.9,2617633.92,2842466.4,2129856.65
2020-09-11,2716280.72,2553413.07,2670799.93,2603266.11,2827146.44,2107838.02
2020-09-14,2851854.35,2683624.21,2789385.82,2745056.16,2988142.35,2145992.82
2020-09-15,2932137.39,2777444.98,2848036.2,2838091.79,3087030.61,2179316.65
2020-09-16,2858080.22,2717480.4,2769303.34,2767336.34,3009814.82,2130120.65
2020-09-17,2793858.79,2646113.05,2714945.25,2699227.02,2931442.24,2092212.77
2020-09-18,2786678.71,2658543.39,2687618.1,2707909.74,2940756.58,2056270.28
2020-09-21,2828257.18,2686041.05,2731170.1,2730627.76,2981304.72,2075852.55
2020-09-22,2829224.61,2667900.17,2740805.99,2713553.7,2953521.36,2120542.9
2020-09-23,2668337.04,2505463.03,2605426.35,2556152.21,2775888.16,2031829.97
2020-09-24,2704873.06,2538985.52,2639503.43,2591902.3,2813538.71,2053547.22
2020-09-25,2804326.33,2626986.16,2735127.67,2684339.2,2919942.21,2110497.87
2020-09-28,2865248.86,2684238.17,2786876.49,2736656.85,2982876.64,2149265.52
2020-09-29,2862583.78,2676150.86,2792587.38,2749010.98,2984278.26,2137848.94
2020-09-30,2907447.88,2715895.32,2836938.23,2790849.07,3033299.91,2160116.76
2020-10-01,2968825.87,2782704.12,2883003.86,2855067.48,3103317.87,2192485.43
2020-10-02,2836854.07,2654327.85,2766408.5,2723683.9,2957468.52,2121833.96
2020-10-05,2919057.13,2720013.22,2850097.99,2800777.12,3038717.4,2174217.87
2020-10-06,2861099.52,2654125.82,2800443.75,2754886.69,2973998.49,2120113.87
2020-10-07,2919533.73,2705700.9,2846242.86,2800979.74,3026922.33,2158678.96
2020-10-08,2920206.06,2716494.06,2849573.97,2810639.98,3035982.69,2166276.0
2020-10-09,2963371.52,2766003.42,2880361.62,2840537.07,3076499.08,2211730.89
2020-10-12,3072246.59,2857248.19,2996350.89,2928112.64,3185656.51,2305448.96
2020-10-13,3069280.67,2861227.44,2982389.52,2941145.76,3182376.08,2293856.84
2020-10-14,3074413.27,2880262.93,2981957.49,2950849.31,3203358.01,2281517.8
2020-10-15,3034434.86,2837634.5,2947676.52,2904018.48,3153804.67,2264839.11
2020-10-16,2994120.7,2806249.09,2915082.85,2873421.35,3114529.35,2246869.35
2020-10-19,2928058.38,2744465.29,2849287.7,2812637.51,3046831.35,2194073.36
2020-10-20,2931899.15,2740627.84,2868033.39,2817535.75,3049961.16,2208743.38
2020-10-21,2930382.24,2753583.15,2874942.61,2837609.74,3065452.6,2212637.33
2020-10-22,2924379.02,2758764.67,2862935.51,2838701.58,3062196.85,2211185.52
2020-10-23,2933325.01,2761717.37,2877639.51,2859730.44,3067943.6,2221265.12
2020-10-26,2896135.26,2726644.4,2830991.8,2804725.91,3027866.14,2190095.78
2020-10-27,2942396.61,2765127.38,2875648.34,2848635.57,3072843.8,2223673.77
2020-10-28,2801656.07,2633766.51,2730810.46,2704166.14,2922648.19,2118436.54
2020-10-29,2867984.81,2690717.86,2811793.24,2774486.4,2999231.54,2170038.49
2020-10-30,2741623.18,2588039.34,2688464.5,2669021.07,2856918.33,2107007.33
2020-11-02,2761958.55,2614565.28,2702545.7,2695370.26,2886138.96,2107338.85
2020-11-03,2849082.5,2699765.51,2779020.48,2788627.88,2983334.87,2148588.11
2020-11-04,2958364.07,2787941.06,2902530.08,2902575.9,3086109.64,2253227.25
2020-11-05,3050650.48,2875919.08,2991678.15,2985434.18,3187885.7,2315018.85
2020-11-06,3051115.43,2858920.0,3001845.67,2987884.58,3177691.58,2312629.48
2020-11-09,2944073.32,2785542.35,2894962.98,2879462.73,3077257.4,2255186.46
2020-11-10,2853152.13,2716306.13,2810860.63,2780051.45,2995551.69,2206463.84
2020-11-11,2935266.64,2775612.41,2894077.3,2850609.36,3069913.36,2261344.01
2020-11-12,2919482.82,2756194.53,2883986.04,2835928.95,3051469.92,2251051.53
2020-11-13,2913455.05,2757310.71,2878060.91,2830701.01,3044807.82,2261405.3
2020-11-16,2929961.52,2766186.47,2900718.73,2847224.63,3061264.29,2271452.64
2020-11-17,2979081.55,2829741.62,2919790.07,2903907.56,3127003.02,2267214.43
2020-11-18,3047352.32,2916226.51,2954221.91,2988344.98,3223051.54,2257621.95
2020-11-19,3079786.09,2955988.97,2978614.15,3023594.59,3263459.15,2274253.67
2020-11-20,3031039.0,2912962.51,2929815.88,2969778.9,3210534.17,2249184.04
2020-11-23,3077205.55,2975003.94,2944155.13,3038852.04,3271999.29,2238542.33
2020-11-24,3153601.45,3080539.32,3001677.8,3127171.0,3380471.09,2277718.84
2020-11-25,3213732.59,3133618.08,3045003.32,3185202.48,3440207.89,2298552.84
2020-11-27,3245936.11,3173159.17,3070864.18,3222469.34,3481047.72,2315960.52
2020-11-30,3220482.23,3128709.28,3068251.28,3180023.67,3447638.76,2309499.29
2020-12-01,3287194.34,3204658.41,3132605.75,3245372.66,3533185.83,2357668.91
2020-12-02,3265289.96,3172531.82,3127289.81,3226268.24,3501590.63,2358181.95
2020-12-03,3297566.99,3219756.15,3138322.09,3260150.75,3546700.38,2358346.9
2020-12-04,3308365.2,3229399.88,3146194.21,3277280.64,3558710.38,2354393.46
2020-12-07,3400266.68,3338921.86,3216564.84,3380685.85,3686333.74,2375202.67
2020-12-08,3410266.51,3361136.6,3215846.95,3382267.95,3700935.09,2386129.0
2020-12-09,3272337.13,3215722.88,3104245.34,3235752.24,3539636.87,2325986.17
2020-12-10,3320339.75,3268792.02,3140066.58,3282918.7,3602497.22,2335567.27
2020-12-11,3290111.34,3231664.37,3115816.69,3246428.14,3554269.14,2335310.94
2020-12-14,3362555.81,3304551.75,3164095.74,3327148.96,3637965.21,2345644.92
2020-12-15,3381951.98,3312456.04,3203882.29,3320262.09,3658933.13,2379307.99
2020-12-16,3372905.83,3303036.8,3191812.25,3297649.42,3636532.98,2396444.22
2020-12-17,3441761.37,3381512.37,3239907.51,3369950.65,3725839.18,2408477.83
2020-12-18,3497747.79,3461028.96,3267598.49,3448153.11,3812371.27,2400071.67
2020-12-21,3426210.79,3368342.96,3229113.01,3352537.17,3708319.54,2405834.63
2020-12-22,3419083.29,3352899.14,3232909.27,3316887.8,3693463.09,2420418.27
2020-12-23,3408183.4,3354696.26,3216565.38,3314200.81,3691839.44,2408309.85
2020-12-24,3442573.38,3399030.06,3242802.17,3348731.57,3738260.52,2423042.39
2020-12-28,3489347.6,3445709.11,3293174.35,3379251.91,3789222.21,2479016.24
2020-12-29,3490088.06,3442887.16,3283780.61,3383675.44,3784656.19,2468792.66
2020-12-30,3536294.08,3493045.97,3309488.07,3441683.74,3844390.3,2456638.87
2020-12-31,3547094.56,3517705.42,3313231.32,3464261.56,3866984.18,2455753.0
2021-01-04,3560949.89,3540584.68,3307802.36,3500497.22,3895808.66,2419027.04
2021-01-05,3598174.83,3567739.5,3345999.98,3536691.31,3932477.16,2438734.18
2021-01-06,3559318.55,3568634.35,3277758.2,3514730.97,3913031.54,2390822.24
2021-01-07,3743936.21,3761406.72,3438358.72,3713679.76,4133637.89,2469089.69
2021-01-08,3872654.91,3922643.06,3520519.04,3853826.11,4301124.0,2506360.1
2021-01-11,3722635.49,3727088.09,3415424.12,3691483.5,4096201.87,2442927.59
2021-01-12,3780736.0,3801318.27,3439910.97,3751284.42,4173220.29,2442195.38
2021-01-13,3810404.15,3828568.28,3466875.82,3770853.74,4202772.49,2466473.11
2021-01-14,3754612.01,3778498.58,3409968.91,3713814.65,4140950.81,2433249.02
2021-01-15,3694970.43,3726906.64,3362624.31,3660511.23,4081309.62,2412369.41
2021-01-19,3757705.56,3802393.29,3420520.45,3742197.19,4162532.2,2449745.85
2021-01-20,3843928.43,3883942.02,3504365.14,3819896.16,4240992.82,2538057.1
2021-01-21,3888012.84,3901480.49,3568185.86,3849242.74,4280851.08,2573812.98
2021-01-22,3894918.47,3915704.79,3580558.51,3849013.53,4296500.12,2588696.28
2021-01-25,3980880.31,4020071.3,3652995.67,3928481.64,4413240.11,2629936.72
2021-01-26,3988133.72,4039735.92,3656030.48,3935566.56,4425703.94,2647215.04
2021-01-27,3899180.04,3958176.76,3575581.41,3824851.33,4332467.89,2599572.29
2021-01-28,3835621.31,3889402.15,3515269.85,3770070.06,4234903.51,2586307.92
2021-01-29,3711250.45,3743502.71,3406916.34,3650992.2,4075366.67,2515153.89
2021-02-01,3855701.28,3904401.64,3512961.51,3799520.14,4235507.94,2596413.86
2021-02-02,3946431.83,3999150.8,3585127.92,3905566.26,4344701.24,2624991.02
2021-02-03,3913160.24,3981021.43,3569496.68,3895227.13,4303185.21,2647549.33
2021-02-04,3926117.68,3979860.6,3593562.8,3890845.55,4312545.78,2663018.94
2021-02-05,3932091.79,3992499.7,3595095.87,3903407.87,4318854.86,2673111.99
2021-02-08,3987595.33,4023826.35,3653635.43,3971072.58,4372559.12,2677124.77
2021-02-09,3949327.27,3989096.28,3625141.49,3933440.23,4332590.4,2666294.53
2021-02-10,3883352.0,3886920.11,3598347.54,3869700.05,4235449.1,2649276.61
2021-02-11,3915310.65,3907958.94,3631154.1,3909991.92,4266608.57,2653436.55
2021-02-12,3915165.55,3920346.29,3623847.41,3906444.34,4271426.46,2660021.46
2021-02-16,3885125.95,3872009.22,3609948.36,3892324.89,4226058.1,2644160.5
2021-02-17,3866055.48,3870805.39,3574594.95,3875922.92,4206161.38,2639325.42
2021-02-18,3835855.92,3835625.15,3543306.76,3839288.38,4162067.0,2627232.61
2021-02-19,3809431.25,3801105.56,3526103.03,3808898.03,4131064.43,2603997.22
2021-02-22,3618305.33,3597726.43,3374694.22,3612195.07,3907752.63,2524471.09
2021-02-23,3582237.12,3562066.9,3349838.38,3576163.9,3868693.56,2518726.06
2021-02-24,3676118.06,3669374.74,3418132.11,3692626.34,3986927.74,2536250.58
2021-02-25,3457464.93,3463033.35,3224319.71,3454818.3,3743332.09,2443186.75
2021-02-26,3475742.74,3465883.06,3249767.67,3473853.53,3751673.15,2459444.59
2021-03-01,3612927.43,3618644.68,3372740.59,3603082.43,3922575.46,2539679.95
2021-03-02,3505811.82,3513262.81,3279369.92,3492532.01,3797108.92,2495823.74
2021-03-03,3375564.9,3386286.02,3167208.14,3359497.17,3657445.19,2425789.68
2021-03-04,3285411.07,3302886.66,3095401.61,3272271.72,3555790.31,2403162.09
2021-03-05,3268868.87,3281882.69,3101513.46,3255622.51,3528192.94,2433650.05
2021-03-08,3116559.78,3138739.29,2951993.37,3090502.57,3357016.43,2352030.24
2021-03-09,3421136.97,3461014.69,3193257.1,3418634.18,3723767.87,2457520.12
2021-03-10,3400612.51,3439870.51,3173562.21,3401430.8,3698699.68,2445763.25
2021-03-11,3516818.62,3559058.88,3277312.78,3534806.49,3832835.76,2504476.85
2021-03-12,3482757.18,3521974.66,3242451.68,3490959.34,3793734.87,2476585.47
2021-03-15,3539328.53,3571111.16,3304424.07,3549831.92,3864826.52,2497577.9
2021-03-16,3502477.68,3520901.34,3297122.38,3505697.31,3813164.27,2512344.39
2021-03-17,3556073.74,3582739.2,3329983.59,3572001.66,3881420.04,2520948.58
2021-03-18,3386633.05,3411551.06,3187250.59,3399194.1,3692017.17,2435420.66
2021-03-19,3406160.81,3428410.5,3208404.59,3432590.83,3717863.2,2442784.98
2021-03-22,3479176.63,3496717.65,3280146.87,3495853.81,3800028.93,2486131.98
2021-03-23,3460392.49,3479849.6,3258496.09,3473149.06,3770174.05,2488647.07
2021-03-24,3354490.66,3375227.24,3164795.07,3359275.48,3643183.9,2447521.08
2021-03-25,3359463.64,3386468.99,3165306.32,3364933.63,3657112.67,2439032.01
2021-03-26,3342820.47,3352726.02,3170463.1,3343669.8,3628254.02,2446760.2
2021-03-29,3342294.86,3345723.3,3179883.08,3351438.31,3627162.87,2452160.89
2021-03-30,3369523.84,3385506.06,3186084.82,3391599.15,3668246.86,2439918.98
2021-03-31,3477598.42,3493686.63,3281371.91,3507892.75,3796061.94,2484283.62
2021-04-01,3516276.54,3522078.44,3326137.0,3551637.36,3821310.52,2531561.7
2021-04-05,3623410.31,3647237.13,3420893.93,3670737.57,3950174.88,2606103.93
2021-04-06,3616581.03,3642859.33,3411765.98,3659155.32,3942831.74,2603138.04
2021-04-07,3613865.12,3621135.97,3429211.64,3651546.32,3925724.89,2626330.29
2021-04-08,3665274.99,3673239.99,3476705.94,3696449.93,3983082.1,2659339.57
2021-04-09,3682420.19,3680804.9,3497234.01,3695791.62,3987893.24,2692184.21
2021-04-12,3756617.45,3735906.48,3555773.48,3788024.43,4064742.03,2688305.79
2021-04-13,3912688.32,3901536.31,3677720.14,3949174.83,4251976.49,2739273.42
2021-04-14,3808870.33,3799168.02,3588235.3,3840779.94,4131721.97,2694310.24
2021-04-15,3889066.52,3855036.71,3676547.19,3927210.48,4207036.01,2740631.84
2021-04-16,3882577.02,3857109.9,3662704.21,3915953.01,4199543.32,2743673.56
2021-04-19,3804715.16,3785540.91,3599471.77,3821447.88,4111787.64,2728103.19
2021-04-20,3790530.7,3783605.81,3580493.97,3816542.77,4106233.01,2711447.29
2021-04-21,3854465.1,3852324.5,3625215.67,3883188.74,4179870.1,2731736.64
2021-04-22,3761541.77,3764281.89,3543432.36,3781716.86,4077280.38,2690429.39
2021-04-23,3825385.2,3822877.72,3609866.81,3849496.78,4145018.31,2734785.05
2021-04-26,3865215.78,3856043.79,3640266.98,3890212.08,4181937.61,2753570.26
2021-04-27,3796299.08,3773643.54,3592623.3,3809084.33,4092731.03,2737889.13
2021-04-28,3772264.83,3746049.45,3572112.55,3798999.47,4058871.43,2734029.07
2021-04-29,3757235.93,3729233.05,3584666.98,3811249.38,4054558.1,2741107.86
2021-04-30,3790294.92,3787927.95,3583733.49,3851685.08,4106332.96,2732481.69
2021-05-03,3726771.28,3721055.37,3545891.14,3776662.66,4037561.19,2714253.06
2021-05-04,3641340.78,3648877.51,3457704.0,3701241.27,3951176.14,2652681.36
2021-05-05,3633287.64,3636022.02,3455695.85,3693481.09,3941125.82,2644965.98
2021-05-06,3643436.72,3643416.4,3475053.26,3699220.93,3948547.45,2671372.01
2021-05-07,3678821.66,3677058.13,3509509.55,3738646.78,3987054.44,2688394.53
2021-05-10,3524149.65,3517767.46,3374267.83,3569406.81,3806287.24,2610897.28
2021-05-11,3500225.65,3481747.06,3353409.35,3540374.36,3770774.63,2596214.17
2021-05-12,3382525.69,3364017.97,3247654.09,3418199.77,3644585.03,2522817.48
2021-05-13,3363533.08,3344126.61,3246594.62,3386568.39,3619211.28,2545679.67
2021-05-14,3460586.53,3435471.49,3343063.54,3495732.6,3726888.36,2603676.56
2021-05-17,3430000.11,3396772.19,3312677.11,3463600.86,3681150.69,2592277.8
2021-05-18,3406334.6,3377643.89,3283803.11,3440616.14,3657128.01,2568674.94
2021-05-19,3383830.5,3349053.6,3274226.3,3419723.05,3628748.44,2566819.57
2021-05-20,3477860.47,3439666.66,3365257.55,3524050.94,3736206.33,2614117.54
2021-05-21,3465550.65,3412958.61,3359701.56,3523058.73,3716024.21,2591816.29
2021-05-24,3572476.15,3518986.11,3459673.66,3648266.73,3836580.29,2648240.69
2021-05-25,3575033.66,3520905.8,3463888.67,3653700.2,3839360.39,2652184.72
2021-05-26,3607018.23,3559308.46,3485391.89,3693511.55,3878276.71,2662905.65
2021-05-27,3605514.94,3571350.51,3477191.81,3704975.09,3896051.9,2641059.87
2021-05-28,3624144.34,3561344.95,3503671.8,3731017.04,3896596.79,2640579.19
2021-06-01,3619259.26,3555021.04,3500278.18,3732019.28,3890473.76,2636524.11
2021-06-02,3611693.28,3517300.25,3511392.68,3719163.76,3863415.59,2636621.6
2021-06-03,3540862.35,3425255.71,3464840.65,3647227.0,3770199.54,2604135.91
2021-06-04,3644218.59,3526102.7,3561992.93,3761637.19,3886770.83,2655838.65
2021-06-07,3665268.63,3555600.58,3584186.68,3792701.0,3919305.22,2669527.18
2021-06-08,3665670.93,3554917.29,3576912.41,3781424.1,3909856.84,2681268.49
2021-06-09,3656292.4,3546025.32,3566544.75,3763442.72,3892949.37,2687370.6
2021-06-10,3693967.12,3590567.31,3587860.17,3808617.0,3930005.1,2711570.9
2021-06-11,3716374.7,3596846.22,3616854.64,3827576.72,3947553.97,2719278.48
2021-06-14,3765752.13,3641776.35,3669951.45,3871148.89,4004347.61,2753637.34
2021-06-15,3714171.01,3588679.35,3627241.62,3815407.79,3943239.46,2736465.92
2021-06-16,3727056.71,3597177.08,3630150.76,3818576.83,3949609.3,2739834.67
2021-06-17,3813842.11,3658639.95,3716296.62,3910825.83,4032032.33,2779228.54
2021-06-18,3812265.91,3657428.03,3701969.03,3908116.62,4026331.41,2764866.48
2021-06-21,3808880.16,3666658.66,3708058.13,3899941.58,4032799.87,2781730.14
2021-06-22,3858161.7,3701418.6,3762741.54,3950841.77,4081306.8,2811764.7
2021-06-23,3926470.07,3778524.55,3809957.03,4032008.15,4170394.39,2818860.58
2021-06-24,3973362.19,3838843.94,3848984.11,4097431.73,4239158.39,2826882.59
2021-06-25,3938946.29,3807705.77,3821982.24,4062212.55,4205160.01,2809804.74
2021-06-28,4040197.59,3885526.16,3929795.1,4181124.17,4318359.31,2845898.79
2021-06-29,4034451.86,3872937.49,3930408.27,4158702.93,4304494.48,2854544.32
2021-06-30,4028839.56,3864457.67,3924791.35,4144158.88,4295623.94,2850929.23
2021-07-01,4041928.45,3873947.37,3947581.79,4168199.03,4313193.85,2860343.19
2021-07-02,4090609.59,3915885.26,3995934.83,4205726.64,4352157.11,2912944.32
2021-07-06,4095466.75,3891780.79,4001986.17,4185482.44,4321578.93,2943992.8
2021-07-07,4068581.38,3867814.3,3984556.24,4134838.9,4286946.05,2960573.88
2021-07-08,4053937.12,3867181.0,3948989.97,4113597.83,4272769.12,2946526.04
2021-07-09,4079311.69,3890532.93,3982255.14,4140557.97,4307505.23,2961353.56
2021-07-12,4154421.29,3965010.67,4042254.26,4237909.52,4397008.82,2973387.36
2021-07-13,4114345.33,3932524.04,4018037.82,4186604.25,4354399.44,2978579.68
2021-07-14,4084431.0,3908357.91,3999808.87,4129336.57,4317564.44,2999130.42
2021-07-15,4024540.49,3878951.96,3935003.35,4060883.52,4269231.98,2975733.48
2021-07-16,3957494.65,3844167.77,3863484.39,3995158.33,4209186.44,2952663.51
2021-07-19,3957054.77,3818322.9,3857937.31,4011874.61,4197026.69,2909318.39
2021-07-20,4004940.56,3880391.2,3903774.58,4052616.18,4261803.67,2951750.71
2021-07-21,4037400.91,3888043.99,3947850.04,4103172.35,4283060.4,2964779.28
2021-07-22,4057880.62,3901942.87,3974985.52,4118380.81,4298293.17,2994472.06
2021-07-23,4078221.25,3935149.03,4014655.92,4158243.02,4334212.16,3038546.82
2021-07-26,4104689.79,3977759.55,4026746.73,4188543.77,4370497.14,3057419.51
2021-07-27,4046057.42,3914461.62,3975834.84,4129519.64,4307197.55,3010649.24
2021-07-28,4058273.37,3919324.09,3988423.13,4158202.9,4321196.96,3002062.39
2021-07-29,4113854.05,3980864.73,4018439.05,4208008.84,4381191.87,3010797.44
2021-07-30,4084196.52,3975326.09,4009940.03,4196117.27,4390784.83,2969393.38
2021-08-02,4135822.72,4028510.52,4043834.58,4255676.69,4447294.04,2979159.97
2021-08-03,4154813.55,4043588.85,4063321.68,4263234.23,4462503.11,3000841.21
2021-08-04,4177804.52,4052910.27,4095835.38,4302465.66,4490122.99,2998672.78
2021-08-05,4212432.51,4080804.02,4131926.87,4345420.46,4524511.05,3017801.42
2021-08-06,4163780.79,4037910.1,4093757.36,4295894.6,4472997.41,3004142.83
2021-08-09,4186732.09,4070464.11,4104701.59,4323923.88,4503711.68,3009286.6
2021-08-10,4155671.21,4050542.43,4073805.22,4292369.32,4476095.14,2996549.09
2021-08-11,4137432.16,4041004.25,4057657.64,4269378.88,4462152.69,2991613.76
2021-08-12,4195630.54,4099487.86,4115530.93,4323016.42,4531648.73,3026279.83
2021-08-13,4202792.17,4098074.19,4130719.32,4330916.01,4534206.17,3033846.64
2021-08-16,4147960.91,4038602.83,4102234.1,4259430.48,4467879.01,3041602.07
2021-08-17,4065666.18,3962499.92,4027930.09,4162128.15,4376129.42,3007011.33
2021-08-18,4062995.24,3988778.96,3997606.07,4177261.76,4391530.25,2978280.23
2021-08-19,4075930.22,3974962.55,4030551.19,4191649.25,4386815.68,2993946.87
2021-08-20,4158177.57,4033617.73,4122700.96,4284831.96,4465210.28,3038189.73
2021-08-23,4282120.73,4128505.93,4239001.55,4428601.34,4587790.57,3082974.51
2021-08-24,4284479.17,4135927.52,4235375.45,4433784.76,4590366.03,3088904.51
2021-08-25,4303980.51,4144586.03,4256941.13,4469987.54,4608591.02,3085895.19
2021-08-26,4269459.55,4104439.7,4221615.78,4428036.3,4562192.69,3067328.81
2021-08-27,4334517.42,4158013.85,4289596.54,4510550.7,4632027.32,3098470.28
2021-08-30,4413926.88,4242633.08,4364474.22,4579054.24,4728080.78,3154314.6
2021-08-31,4407323.29,4244875.93,4342027.81,4571436.26,4719613.24,3149046.92
2021-09-01,4413027.26,4247865.97,4352159.41,4577593.66,4726100.76,3155720.05
2021-09-02,4403223.71,4232954.8,4342842.3,4551529.51,4711861.81,3148137.58
2021-09-03,4432143.14,4245783.2,4376089.98,4584403.77,4735417.6,3158868.21
2021-09-07,4478892.74,4305198.92,4414102.53,4630274.32,4801846.03,3183507.18
2021-09-08,4457448.61,4294110.32,4379658.46,4604256.86,4776758.09,3171885.74
2021-09-09,4438235.46,4282092.88,4360868.98,4593633.53,4764266.35,3153309.84
2021-09-10,4385375.73,4209615.73,4313596.83,4555904.0,4694521.31,3101292.52
2021-09-13,4387235.11,4230170.46,4308662.75,4555742.68,4703739.0,3113723.14
2021-09-14,4390360.42,4235940.04,4308530.48,4565678.01,4706474.86,3112952.1
2021-09-15,4431850.01,4284513.5,4340020.07,4605004.73,4748420.37,3146184.12
2021-09-16,4428802.21,4283688.03,4332407.29,4597667.22,4745201.47,3143242.08
2021-09-17,4385781.39,4245323.67,4274739.34,4551217.23,4699906.71,3095177.6
2021-09-20,4249672.04,4121530.17,4149896.94,4406874.67,4555139.68,3023704.73
2021-09-21,4276465.28,4150308.23,4175319.68,4440079.01,4589787.19,3033147.09
2021-09-22,4346254.03,4197979.78,4234602.13,4493940.64,4640047.89,3070949.3
2021-09-23,4387584.82,4220482.28,4280454.08,4539553.79,4674929.06,3091214.88
2021-09-24,4415524.16,4275117.81,4293860.3,4577472.11,4727882.48,3102627.37
2021-09-27,4410787.71,4288925.1,4272184.73,4581343.46,4740955.61,3076881.38
2021-09-28,4283365.87,4174457.73,4138061.01,4438395.84,4611165.23,2982474.55
2021-09-29,4281613.21,4178187.49,4134794.09,4426689.74,4616647.79,2978993.11
2021-09-30,4266615.88,4151217.44,4124403.4,4416851.18,4596091.28,2957503.95
2021-10-01,4288886.23,4186216.36,4152183.92,4443679.36,4622518.36,2997885.32
2021-10-04,4204772.11,4135421.93,4043834.24,4350573.41,4544645.14,2932725.25
2021-10-05,4263858.72,4176412.6,4116487.86,4417455.08,4599150.1,2977765.22
2021-10-06,4296718.66,4204693.43,4147963.11,4448211.72,4626846.33,3006496.27
2021-10-07,4348215.59,4247446.83,4191002.65,4497492.39,4671035.3,3036111.91
2021-10-08,4320052.04,4227546.76,4167439.18,4470505.81,4642574.02,3032764.12
2021-10-11,4314558.79,4228730.41,4157218.9,4461169.66,4643227.23,3020095.25
2021-10-12,4327698.89,4244683.66,4155717.88,4476415.87,4663148.67,3003680.44
2021-10-13,4359169.4,4273387.75,4180652.86,4514452.35,4690228.18,3022756.11
2021-10-14,4440831.19,4339738.64,4272972.85,4604407.42,4770488.41,3080344.79
2021-10-15,4512543.51,4411064.83,4315860.35,4666362.03,4840308.07,3112755.38
2021-10-18,4605221.43,4507712.41,4400146.51,4773481.64,4954684.51,3153615.02
2021-10-19,4612099.09,4511027.33,4420914.11,4776877.05,4964446.24,3171070.79
2021-10-20,4601922.5,4506478.48,4412800.91,4762493.74,4963220.86,3161072.09
2021-10-21,4691410.09,4590971.23,4486829.41,4864515.38,5062424.03,3187424.94
2021-10-22,4686862.01,4585791.73,4468195.03,4847086.78,5060768.31,3148383.0
2021-10-25,4924295.21,4862422.79,4632765.6,5128844.34,5372408.75,3185207.16
2021-10-26,4989609.36,4864175.35,4704315.21,5190093.42,5392464.47,3207746.47
2021-10-27,5040438.85,4959108.97,4732196.92,5252660.82,5450557.34,3277264.84
2021-10-28,5164635.05,5078013.91,4839756.13,5376052.65,5596454.52,3321909.65
2021-10-29,5257703.2,5188035.42,4918284.36,5514735.19,5718447.1,3343119.85
2021-11-01,5431292.61,5392156.27,5035575.5,5721522.08,5964354.62,3338377.63
2021-11-02,5399204.02,5328903.54,5036887.72,5683413.73,5900231.44,3353254.17
2021-11-03,5508362.04,5447580.54,5116401.02,5800092.34,6030271.46,3392254.71
2021-11-04,5703167.47,5535781.41,5322963.4,6039321.33,6186229.72,3437892.75
2021-11-05,5697655.33,5527024.99,5322996.53,6032571.92,6177604.07,3446092.16
2021-11-08,5625433.93,5392750.81,5302750.19,5959142.59,6053760.39,3425706.72
2021-11-09,5364267.43,5063161.32,5128175.65,5644771.56,5691469.4,3388174.75
2021-11-10,5353083.19,5112945.2,5071684.44,5640028.13,5724529.27,3342356.27
2021-11-11,5387835.31,5114781.87,5119733.43,5684841.8,5745675.17,3348649.89
2021-11-12,5365306.35,5086139.21,5127050.68,5660160.66,5713797.06,3384379.4
2021-11-15,5316158.76,5040176.43,5090989.54,5606193.72,5661864.23,3377215.83
2021-11-16,5407718.22,5145723.84,5154255.69,5699806.25,5774479.35,3402767.96
2021-11-17,5441166.35,5225341.69,5157591.79,5717837.57,5841141.61,3424046.08
2021-11-18,5608398.61,5298427.23,5336540.5,5884303.25,5965579.53,3492993.99
2021-11-19,5759432.91,5421948.44,5484989.83,6055558.68,6138857.49,3527159.87
2021-11-22,5726918.33,5432241.59,5438019.66,6012410.14,6141486.28,3495179.1
2021-11-23,5623882.93,5309409.93,5364600.09,5887282.26,6005662.71,3473595.08
2021-11-24,5684137.34,5340037.61,5433128.17,5961618.93,6063225.14,3484448.26
2021-11-26,5511447.63,5186157.99,5263695.92,5779672.4,5879832.6,3389032.95
2021-11-29,5741288.28,5381426.26,5478214.12,6037551.04,6121908.21,3476398.21
2021-11-30,5717742.77,5367197.06,5451615.22,5968392.08,6109673.47,3460109.23
2021-12-01,5546198.46,5215969.64,5299023.09,5759324.28,5913861.53,3418710.97
2021-12-02,5555160.07,5199920.98,5320659.84,5784513.73,5905422.95,3421085.03
2021-12-03,5330478.63,4989406.11,5129883.15,5532284.89,5654354.71,3351611.45
2021-12-06,5322625.91,5005035.19,5131696.36,5510463.31,5662600.07,3386563.06
2021-12-07,5572528.83,5194159.81,5381791.06,5778551.76,5907677.43,3499316.39
2021-12-08,5600975.15,5251423.34,5407276.31,5797899.55,5967406.54,3528126.93
2021-12-09,5405178.77,5073417.91,5247257.03,5572516.25,5750748.44,3484587.53
2021-12-10,5446786.57,5140463.68,5291926.37,5592753.0,5814980.48,3535822.03
2021-12-13,5230005.11,4975882.24,5091001.28,5360419.66,5600997.69,3466369.6
2021-12-14,5197760.21,4919991.13,5064382.09,5335003.2,5559829.85,3419043.74
2021-12-15,5377635.86,5033590.62,5261014.18,5527015.17,5726802.71,3501622.85
2021-12-16,5126265.15,4830870.44,5012434.66,5267398.67,5466891.05,3387985.8
2021-12-17,5103000.7,4825862.78,4973050.13,5235639.45,5450717.4,3371146.84
2021-12-20,5012720.33,4721401.71,4902836.11,5138246.93,5336378.66,3331450.13
2021-12-21,5188640.99,4872191.57,5070911.23,5331340.66,5524641.14,3405951.37
2021-12-22,5360287.72,5071527.1,5197896.95,5514378.89,5733188.34,3473844.84
2021-12-23,5489421.34,5221742.51,5292853.61,5664674.43,5902543.6,3503441.22
2021-12-27,5632151.94,5340748.44,5449584.3,5824704.31,6065966.15,3563464.46
2021-12-28,5587289.26,5311405.63,5397559.12,5770178.02,6023086.11,3544814.56
2021-12-29,5563959.52,5300448.62,5373738.21,5740856.73,6002326.69,3540696.5
2021-12-30,5504859.35,5247616.98,5321353.87,5680172.56,5940196.96,3516911.79
2021-12-31,5452462.26,5190445.67,5274171.19,5617165.47,5876508.07,3487647.37
2022-01-03,5785508.7,5553883.48,5517216.18,5976979.29,6289601.62,3569648.26
2022-01-04,5624794.43,5398159.99,5383835.34,5806649.89,6109451.61,3511172.36
2022-01-05,5367018.53,5152306.78,5140207.8,5512795.48,5824945.79,3381908.16
2022-01-06,5334091.31,5092021.26,5131067.55,5504599.13,5778524.38,3353341.49
2022-01-07,5218024.48,4991764.06,5033957.54,5365298.52,5651802.92,3333267.91
2022-01-10,5281997.49,5068210.51,5077268.87,5441851.9,5731179.08,3348955.06
2022-01-11,5343129.84,5113815.86,5141123.35,5500680.12,5791112.07,3388371.28
2022-01-12,5438611.17,5228277.0,5209137.51,5610030.77,5910047.46,3421018.67
2022-01-13,5181071.41,4974942.92,4987727.32,5329205.11,5621308.81,3313603.18
2022-01-14,5249653.39,5045275.57,5050486.47,5406520.48,5701893.88,3346500.39
2022-01-18,5119388.19,4932924.77,4913334.87,5258081.69,5562487.8,3270568.29
2022-01-19,4992996.42,4828251.44,4801223.7,5131942.53,5429399.71,3228304.02
2022-01-20,4924859.42,4795137.78,4727438.05,5060446.43,5380362.63,3187904.25
2022-01-21,4736044.8,4608319.99,4573998.69,4851281.29,5173302.03,3099497.63
2022-01-24,4715293.32,4581985.3,4560781.21,4833479.69,5144615.6,3098841.14
2022-01-25,4604013.14,4493511.58,4447465.88,4707291.38,5039722.68,3029263.69
2022-01-26,4668625.03,4564669.91,4500641.66,4781606.96,5106549.43,3066208.2
2022-01-27,4429448.18,4307746.21,4326885.69,4501290.47,4807015.09,3033418.15
2022-01-28,4586092.41,4440422.83,4502532.76,4631510.12,4970747.36,3157039.62
2022-01-31,4881375.44,4716363.94,4756640.84,4959789.66,5305878.95,3253643.22
2022-02-01,4885526.61,4713595.49,4766729.81,4975685.89,5305638.57,3261661.79
2022-02-02,4893505.51,4712208.05,4806679.8,5009647.52,5291595.77,3322590.99
2022-02-03,4688045.44,4517699.61,4558284.97,4717427.11,5022283.45,3190876.73
2022-02-04,4821332.62,4632903.1,4628384.48,4831554.89,5125944.44,3262610.73
2022-02-07,4786849.86,4559974.32,4598420.7,4777886.45,5062115.23,3221266.3
2022-02-08,4857821.79,4618794.94,4659071.24,4831214.08,5127307.53,3263286.67
2022-02-09,4974466.07,4696067.42,4796481.34,4978562.58,5244749.35,3311734.39
2022-02-10,4839436.69,4571573.21,4664722.23,4840114.32,5100579.93,3233501.66
2022-02-11,4617010.69,4389067.22,4453774.1,4590653.87,4875876.48,3134777.82
2022-02-14,4668232.35,4434841.11,4492182.33,4647091.39,4926057.01,3152573.4
2022-02-15,4889965.05,4600622.57,4711520.61,4891780.91,5153271.21,3223144.08
2022-02-16,4894386.98,4603245.83,4708248.27,4893445.98,5148325.06,3229447.59
2022-02-17,4663366.29,4409746.89,4483510.87,4628650.82,4909388.51,3126808.42
2022-02-18,4567182.22,4333459.79,4392170.94,4522126.09,4814231.78,3086317.74
2022-02-22,4464325.29,4226560.89,4306989.04,4416392.24,4690570.79,3044841.75
2022-02-23,4261493.28,4032658.12,4134653.82,4208602.44,4468398.25,2956115.4
2022-02-24,4454815.46,4210039.89,4312668.32,4421896.12,4664176.05,3068552.71
2022-02-25,4514872.75,4261068.64,4372041.46,4482664.49,4723707.34,3107391.96
2022-02-28,4643538.7,4412238.87,4461355.82,4631061.91,4889579.45,3135014.83
2022-03-01,4565111.72,4361478.34,4373876.75,4544956.15,4814169.96,3097308.56
2022-03-02,4656457.28,4436261.93,4470661.93,4636678.64,4912584.68,3143619.97
2022-03-03,4534560.95,4312660.78,4377939.62,4501429.54,4774648.16,3101400.16
2022-03-04,4464369.57,4265069.23,4296591.12,4433239.07,4713330.71,3048575.21
2022-03-07,4258273.9,4089828.19,4099223.81,4206531.28,4509140.74,2930640.19
2022-03-08,4290028.02,4127941.2,4119586.99,4263351.2,4555427.69,2920932.72
2022-03-09,4489266.5,4306956.33,4320587.74,4480533.39,4762439.79,3043048.48
2022-03-10,4426618.49,4235914.97,4238983.53,4409584.78,4665314.44,3015821.54
2022-03-11,4284130.64,4087238.59,4109980.07,4256043.36,4493663.95,2949003.17
2022-03-14,4154508.85,3970531.66,3990619.83,4124105.4,4360593.88,2877064.07
2022-03-15,4353234.89,4132711.91,4182062.0,4331072.58,4557994.77,2977167.41
2022-03-16,4553499.4,4301654.3,4376369.76,4550107.41,4765865.39,3076061.02
2022-03-17,4645983.77,4395969.59,4445501.46,4649661.84,4870543.27,3111016.23
2022-03-18,4827974.06,4535775.18,4625415.98,4851676.24,5055421.92,3184146.24
2022-03-21,4872458.64,4572006.15,4661032.5,4891549.97,5101452.97,3192954.1
2022-03-22,5041143.61,4787579.75,4780233.33,5071128.75,5319284.23,3274822.41
2022-03-23,5001940.07,4774016.63,4733398.56,5013367.32,5296596.27,3255131.03
2022-03-24,5176476.95,4871825.82,4935718.95,5215518.78,5457243.01,3319985.4
2022-03-25,5156472.55,4865120.82,4914227.49,5187788.58,5441489.37,3323445.76
2022-03-28,5360542.29,5090440.74,5058956.43,5409243.91,5684192.56,3388533.13
2022-03-29,5422902.07,5145809.36,5131826.44,5471305.79,5755495.85,3431727.63
2022-03-30,5350824.73,5108120.32,5056566.57,5393870.27,5696217.07,3403974.24
2022-03-31,5263027.95,5022123.03,4972416.07,5304895.83,5602519.52,3341596.69
2022-04-01,5254986.15,5041572.59,4953387.02,5297719.66,5607195.05,3349347.77
2022-04-04,5448501.56,5242984.8,5115675.56,5504592.34,5833442.99,3437014.57
2022-04-05,5243400.3,5064148.11,4934807.38,5282686.29,5617618.77,3360079.17
2022-04-06,5032989.26,4876151.09,4740328.25,5050928.81,5398178.41,3257466.7
2022-04-07,5045604.56,4903014.08,4745167.09,5061395.23,5423588.63,3260869.78
2022-04-08,4907650.93,4786911.98,4621116.93,4911357.89,5285404.01,3202652.22
2022-04-11,4705053.26,4591602.64,4435281.99,4693709.8,5064415.55,3097366.96
2022-04-12,4706970.36,4604933.96,4429352.51,4681180.49,5079185.76,3092968.26
2022-04-13,4841798.28,4731341.18,4542238.69,4817275.9,5219652.96,3158278.23
2022-04-14,4676891.35,4578593.55,4387576.57,4650429.46,5042280.1,3068772.2
2022-04-18,4741644.12,4634380.67,4441304.03,4728086.05,5110135.26,3084442.94
2022-04-19,4844736.33,4735599.48,4529716.87,4835182.42,5219450.29,3146187.68
2022-04-20,4691563.46,4582486.96,4402076.45,4641927.2,5034615.69,3102895.33
2022-04-21,4653630.44,4599061.1,4331084.85,4591384.05,5033479.17,3055693.91
2022-04-22,4565008.15,4525075.9,4233228.93,4505407.39,4953425.76,2972764.39
2022-04-25,4595139.75,4549367.44,4272661.3,4540217.91,4973166.69,3017643.89
2022-04-26,4245428.29,4178960.67,3994769.93,4170076.72,4563733.65,2876568.01
2022-04-27,4239920.72,4196038.55,3977673.94,4138885.43,4566235.85,2882878.15
2022-04-28,4376855.28,4288959.91,4155783.16,4290371.98,4708367.21,2986371.1
2022-04-29,4200494.52,4165546.72,3999941.37,4146786.59,4580952.23,2841429.69
2022-05-02,4327179.92,4285921.11,4120806.66,4306195.15,4727105.99,2889559.06
2022-05-03,4347033.81,4303789.65,4142299.49,4327395.29,4752372.25,2897449.69
2022-05-04,4520931.51,4482298.3,4312737.71,4510630.11,4958737.26,2999378.42
2022-05-05,4200973.78,4173630.63,4022871.21,4182111.76,4605000.08,2828852.1
2022-05-06,4169927.62,4140248.61,3998099.8,4139850.61,4570993.6,2812527.24
2022-05-09,3881280.01,3873206.37,3744104.1,3832429.8,4254969.66,2695205.05
2022-05-10,3956001.75,3936429.89,3822605.7,3910427.62,4333322.54,2736042.14
2022-05-11,3723769.16,3708494.82,3610270.53,3683354.0,4060606.37,2629806.98
2022-05-12,3671593.59,3665790.37,3546813.45,3642300.65,4005491.18,2591691.32
2022-05-13,3874188.76,3833558.62,3737614.52,3858068.54,4212145.65,2685069.08
2022-05-16,3753792.58,3710663.91,3646837.48,3727077.78,4074951.73,2647010.54
2022-05-17,3906285.15,3847226.8,3782339.21,3881817.41,4234857.81,2718394.87
2022-05-18,3662916.66,3620955.28,3554661.74,3643958.59,3974550.22,2575272.82
2022-05-19,3651132.15,3601642.66,3535150.65,3644064.69,3955816.77,2547325.22
2022-05-20,3545277.59,3486846.44,3458852.16,3517582.38,3829321.39,2524412.31
2022-05-23,3616066.6,3563295.03,3538851.43,3574669.14,3912945.56,2591326.24
2022-05-24,3452543.51,3396789.08,3390918.0,3375657.81,3720517.3,2515610.63
2022-05-25,3560985.03,3489858.79,3481601.78,3497916.92,3835024.79,2544833.71
2022-05-26,3732728.01,3653661.07,3631156.51,3685337.19,4027755.62,2615644.62
2022-05-27,3930977.38,3846590.56,3809635.74,3889013.76,4245408.71,2720296.37
2022-05-31,3931425.25,3845679.15,3795540.85,3885146.95,4231368.17,2729666.56
2022-06-01,3882838.05,3798944.4,3748905.89,3820194.13,4166547.11,2725905.02
2022-06-02,4042487.06,3932630.5,3901668.04,4006731.13,4335240.52,2791474.27
2022-06-03,3816865.76,3702978.03,3705173.83,3766908.35,4068796.75,2695717.67
2022-06-06,3855599.51,3744399.19,3735846.35,3813427.94,4111330.73,2719126.85
2022-06-07,3878212.22,3767338.25,3769543.88,3829911.91,4142093.37,2740754.62
2022-06-08,3872327.3,3776829.86,3757751.55,3831982.35,4149936.6,2728635.4
2022-06-09,3776909.55,3698847.74,3650468.27,3742748.65,4050848.26,2654030.78
2022-06-10,3617358.46,3560754.45,3492124.54,3587182.24,3891590.5,2546590.71
2022-06-13,3395550.97,3354362.77,3285406.27,3350138.1,3652496.13,2428820.17
2022-06-14,3436885.24,3399870.47,3322270.3,3395542.07,3704884.15,2443284.11
2022-06-15,3581555.13,3541771.34,3446046.75,3548809.53,3859354.72,2521613.93
2022-06-16,3371449.2,3332008.48,3259168.7,3325669.28,3618706.77,2421256.97
2022-06-17,3425735.11,3382198.1,3308256.35,3380446.31,3674763.54,2454120.39
2022-06-21,3609055.45,3573220.57,3455364.53,3566863.39,3877369.14,2540899.42
2022-06-22,3591213.97,3560723.57,3434811.6,3546797.38,3857752.56,2535110.92
2022-06-23,3611989.26,3585323.01,3457238.46,3548278.91,3876661.25,2576471.44
2022-06-24,3767246.96,3737487.52,3605856.23,3725316.09,4045455.55,2672811.75
2022-06-27,3735193.86,3711190.1,3579867.29,3690400.65,4022875.7,2646141.84
2022-06-28,3567846.8,3552136.93,3426719.28,3514493.53,3844194.85,2549517.69
2022-06-29,3542529.02,3537401.59,3408739.51,3470723.31,3819167.69,2565701.17
2022-06-30,3472966.99,3472757.63,3341950.78,3399807.3,3748866.8,2516385.99
2022-07-01,3481221.66,3502984.39,3334622.8,3384071.95,3764109.28,2541880.19
2022-07-05,3573554.05,3593902.09,3422596.63,3488757.33,3862251.07,2606905.72
2022-07-06,3589327.41,3605788.76,3445240.77,3501580.62,3874207.25,2631120.09
2022-07-07,3727020.23,3739011.19,3568855.07,3652898.46,4026513.59,2696460.6
2022-07-08,3762154.13,3784200.97,3593284.38,3692741.63,4074348.72,2706168.74
2022-07-11,3602904.9,3621937.6,3459623.3,3510464.81,3891763.5,2638206.29
2022-07-12,3573438.74,3580296.68,3441815.02,3480254.61,3867779.39,2599779.24
2022-07-13,3595773.72,3598155.91,3452907.52,3499705.57,3895087.29,2589982.86
2022-07-14,3623825.76,3615279.1,3483135.79,3508876.32,3919666.77,2607659.23
2022-07-15,3676483.55,3657673.74,3538157.68,3564554.6,3972617.46,2642328.53
2022-07-18,3674850.59,3640486.55,3532474.04,3576550.62,3968043.79,2608803.6
2022-07-19,3792865.5,3739679.23,3654490.33,3703841.46,4085289.96,2688268.93
2022-07-20,3870465.35,3787336.3,3735723.25,3782354.91,4155967.48,2725603.92
2022-07-21,4038526.66,3978795.04,3855937.53,3959953.29,4365461.78,2776089.59
2022-07-22,3971853.74,3922451.53,3772606.77,3863066.27,4300472.5,2714403.94
2022-07-25,3924453.2,3880691.05,3728734.46,3813845.66,4248375.42,2694637.86
2022-07-26,3806669.13,3762403.6,3632584.14,3686668.56,4124344.45,2626954.0
2022-07-27,4035873.81,3991066.86,3845575.71,3935965.52,4368007.97,2776736.21
2022-07-28,4091792.22,4053946.06,3881767.17,3983850.59,4420771.63,2812555.91
2022-07-29,4257550.87,4220769.72,3997573.64,4122901.78,4587996.17,2909759.23
2022-08-01,4262616.83,4211543.65,4002475.34,4133986.21,4588882.98,2894549.01
2022-08-02,4271959.34,4223091.86,4005270.21,4158980.65,4604555.14,2880884.27
2022-08-03,4388933.33,4338324.39,4120060.81,4263111.76,4732497.19,2971144.97
2022-08-04,4420071.57,4357757.96,4145239.56,4296822.92,4756373.14,2983706.41
2022-08-05,4283554.33,4200447.89,4051080.9,4139245.09,4583787.1,2950953.08
2022-08-08,4234438.75,4198031.66,3989662.25,4087294.76,4560699.34,2934991.58
2022-08-09,4158491.19,4140419.59,3923893.53,3994992.31,4482776.26,2922573.7
2022-08-10,4319437.4,4284945.31,4077743.37,4165342.0,4654915.33,3008657.59
2022-08-11,4254916.78,4214713.87,4030465.74,4097149.82,4580912.33,2981419.59
2022-08-12,4402811.02,4357023.45,4161759.98,4252904.85,4743780.08,3051881.79
2022-08-15,4476888.67,4433959.77,4222915.94,4334562.29,4833985.99,3072763.42
2022-08-16,4455393.91,4410178.89,4200820.99,4304816.15,4803698.69,3068442.74
2022-08-17,4408404.0,4374954.15,4160268.28,4236358.91,4762570.98,3051349.84
2022-08-18,4419913.34,4368861.11,4177188.35,4255313.84,4764680.31,3050239.33
2022-08-19,4306234.52,4277023.49,4065531.85,4131476.87,4651454.86,2990366.55
2022-08-22,4180732.04,4166450.65,3944926.77,4007392.29,4526510.17,2908581.09
2022-08-23,4220825.94,4207616.19,3969553.81,4053280.68,4573723.49,2909691.51
2022-08-24,4228465.46,4213839.66,3978176.38,4062744.44,4584363.3,2911048.26
2022-08-25,4286737.04,4248580.64,4047831.74,4123935.29,4630987.18,2958979.96
2022-08-26,4091239.1,4092133.92,3847176.24,3922198.05,4444877.29,2832357.03
2022-08-29,4032299.3,4043369.56,3785585.7,3862789.08,4382828.23,2799897.54
2022-08-30,3957890.38,3971425.09,3718055.7,3789137.65,4296759.95,2766944.91
2022-08-31,3916311.5,3943697.67,3681570.79,3757171.61,4265848.16,2742778.55
2022-09-01,3880984.2,3952126.34,3632860.76,3711965.95,4248676.09,2749846.3
2022-09-02,3806088.46,3871094.29,3561985.06,3629500.57,4157476.64,2708000.68
2022-09-06,3805577.83,3880553.66,3549587.55,3634661.62,4167717.71,2687501.6
2022-09-07,3897672.76,3981714.74,3621442.38,3733447.36,4268840.72,2741274.92
2022-09-08,3935830.4,4017986.46,3647000.23,3784147.22,4314315.25,2737264.39
2022-09-09,4051261.65,4138657.4,3748223.29,3905395.72,4446898.12,2801964.39
2022-09-12,4122222.97,4203171.96,3817850.49,3948241.53,4523971.7,2853984.8
2022-09-13,3881763.89,3986295.95,3577461.21,3712573.24,4274632.33,2686731.65
2022-09-14,3952735.51,4068748.81,3624691.87,3782579.88,4360939.22,2712274.08
2022-09-15,3917575.17,4036973.34,3582161.17,3758925.4,4331010.05,2663404.06
2022-09-16,3909480.69,4022127.38,3577363.99,3761718.04,4319833.5,2644717.01
2022-09-19,3971463.56,4080167.77,3637178.12,3814480.94,4393359.33,2675362.66
2022-09-20,3957248.26,4066896.29,3631904.19,3784239.28,4388122.16,2665510.56
2022-09-21,3882053.86,3977773.64,3572165.67,3716026.43,4298081.94,2613159.28
2022-09-22,3777054.56,3887381.27,3486812.62,3600415.25,4181444.38,2597409.95
2022-09-23,3672028.81,3766223.0,3410310.22,3494937.34,4055239.6,2547641.05
2022-09-26,3664438.65,3765351.52,3393312.23,3475667.49,4045284.91,2548420.69
2022-09-27,3711040.78,3811744.17,3429782.95,3523451.96,4103543.92,2553101.61
2022-09-28,3769127.46,3874502.56,3472626.12,3604727.11,4163683.84,2584358.47
2022-09-29,3580464.53,3679630.19,3305895.73,3420548.91,3939370.91,2491726.95
2022-09-30,3526270.17,3622682.86,3250408.56,3381137.24,3880167.04,2439495.22
2022-10-03,3457185.94,3514782.53,3239362.88,3281250.1,3762418.98,2484769.02
2022-10-04,3574113.61,3621899.27,3345726.13,3392990.13,3876853.68,2563874.16
2022-10-05,3527248.17,3560924.13,3317768.78,3336107.57,3812164.04,2556452.88
2022-10-06,3499240.64,3531366.12,3294098.67,3311756.48,3780396.4,2540446.13
2022-10-07,3302178.89,3344651.33,3115494.71,3116251.11,3569846.62,2430908.17
2022-10-10,3274434.52,3325128.94,3087533.34,3084296.9,3549856.05,2411495.16
2022-10-11,3214310.5,3255573.77,3036728.78,3021103.66,3474297.3,2379070.94
2022-10-12,3213837.02,3259582.06,3029911.08,3021376.1,3472787.84,2379515.97
2022-10-13,3295184.05,3338707.6,3119809.72,3094267.59,3565816.97,2439558.95
2022-10-14,3117240.66,3164848.73,2969291.15,2915789.21,3370669.6,2352973.16
2022-10-17,3287456.77,3336010.32,3114486.39,3089543.68,3555027.3,2451307.1
2022-10-18,3310280.95,3353921.71,3132945.1,3103572.83,3572034.0,2471363.14
2022-10-19,3317458.43,3358110.03,3140636.07,3113344.76,3585693.89,2460578.94
2022-10-20,3237335.22,3252034.2,3090709.71,3023208.35,3472349.79,2444514.06
2022-10-21,3327257.96,3340118.72,3166893.75,3096101.49,3565189.97,2503697.86
2022-10-24,3335281.02,3344120.11,3186678.95,3093647.63,3565861.98,2534490.47
2022-10-25,3456216.67,3462041.4,3301191.65,3229591.46,3708977.86,2586088.24
2022-10-26,3379166.2,3368842.79,3215296.85,3144923.07,3643970.36,2458209.79
2022-10-27,3333215.35,3306540.88,3148129.41,3092540.25,3565880.95,2394360.61
2022-10-28,3430722.57,3400692.61,3289404.68,3172347.37,3690809.04,2483758.78
2022-10-31,3384878.12,3360259.77,3234443.3,3124135.1,3641007.2,2445672.8
2022-11-01,3350515.44,3324003.09,3207416.38,3104481.54,3621449.51,2387818.87
2022-11-02,3206072.31,3169454.77,3080918.74,2967836.68,3457541.5,2293296.86
2022-11-03,3167481.12,3121369.77,3033809.95,2955133.18,3416828.59,2221770.82
2022-11-04,3175311.83,3104191.03,3062038.73,2970585.24,3397071.3,2254434.95
2022-11-07,3139167.98,3060927.77,3055457.81,2934228.98,3347267.47,2273939.99
2022-11-08,3122696.65,3027102.51,3056740.73,2914612.55,3317375.29,2275186.77
2022-11-09,2970757.52,2890274.46,2926748.73,2772122.47,3160350.91,2205599.2
2022-11-10,3258660.12,3133188.03,3218623.98,3043314.9,3445474.01,2401506.98
2022-11-11,3348922.49,3210627.16,3301767.44,3131347.82,3531697.36,2458341.74
2022-11-14,3298623.41,3152021.27,3264958.51,3088848.49,3477277.39,2422329.63
2022-11-15,3350984.03,3199373.59,3319301.08,3150279.97,3534032.45,2452706.98
2022-11-16,3262219.26,3131284.98,3237170.07,3051553.4,3439263.42,2431929.87
2022-11-17,3230973.66,3102616.61,3220218.45,3006386.17,3409420.42,2428988.36
2022-11-18,3201090.3,3076943.04,3197438.43,2968455.69,3380584.58,2421659.59
2022-11-21,3104151.3,2968935.11,3119539.94,2869149.02,3260556.93,2379359.07
2022-11-22,3167578.9,3012193.96,3190508.62,2936040.22,3320314.99,2413628.12
2022-11-23,3277813.25,3127168.36,3277755.3,3061245.43,3448908.85,2450094.84
2022-11-25,3246715.78,3106464.72,3238383.36,3037128.78,3418831.87,2424517.34
2022-11-28,3199594.82,3069469.19,3174466.9,2997764.53,3369375.29,2380942.71
2022-11-29,3158531.48,3035023.28,3132357.24,2968157.66,3328353.81,2350212.94
2022-11-30,3372266.21,3238311.97,3342206.83,3189464.37,3557560.44,2486396.7
2022-12-01,3380872.62,3240210.38,3357674.02,3203273.34,3568888.21,2484837.76
2022-12-02,3365556.12,3237399.26,3343320.03,3191493.09,3563796.49,2476969.71
2022-12-05,3260660.79,3122863.4,3266053.91,3082229.74,3443474.15,2431916.76
2022-12-06,3177518.29,3053799.55,3173652.21,2997415.66,3357428.2,2372129.92
2022-12-07,3137751.4,2998288.6,3141860.84,2956785.68,3303223.71,2344649.64
2022-12-08,3197632.28,3016468.36,3214027.57,3013888.71,3348182.43,2365510.05
2022-12-09,3212611.53,3043973.47,3217526.82,3035135.73,3379508.15,2355234.29
2022-12-12,3196829.11,2997081.97,3231893.11,2999541.75,3333361.14,2383397.35
2022-12-13,3204502.2,2982718.84,3261230.3,3009989.88,3322775.49,2412857.83
2022-12-14,3150539.76,2941011.28,3209441.24,2959443.29,3267899.9,2390847.59
2022-12-15,3063388.78,2874846.32,3100183.66,2886736.87,3187466.38,2302071.15
2022-12-16,2988883.93,2802258.82,3036918.23,2816271.91,3106438.49,2268547.82
2022-12-19,2943650.83,2765108.73,2987378.5,2773633.83,3064196.07,2227511.67
2022-12-20,2871792.08,2685374.99,2940517.14,2692964.98,2973558.3,2221415.36
2022-12-21,2913831.35,2711119.56,2993171.21,2726112.49,3012219.72,2254531.65
2022-12-22,2755992.09,2574545.11,2847106.92,2558776.05,2847159.95,2185770.03
2022-12-23,2743468.11,2565898.76,2834488.14,2547174.73,2828567.45,2193613.2
2022-12-27,2593951.48,2435360.81,2703654.95,2379567.75,2669092.39,2145279.88
2022-12-28,2583074.34,2433103.94,2676234.69,2386379.4,2664181.53,2110221.7
2022-12-29,2698372.57,2546530.94,2784144.97,2504649.18,2792353.9,2176827.82
2022-12-30,2705687.36,2553488.38,2790061.1,2512193.36,2802949.3,2175391.82
2023-01-03,2593172.68,2436648.75,2693707.92,2409770.37,2660630.24,2142291.54
2023-01-04,2634540.27,2456498.48,2735471.56,2461654.01,2712137.93,2123837.29
2023-01-05,2569955.94,2397728.4,2674619.87,2395677.68,2650684.86,2079015.07
2023-01-06,2648581.14,2455676.59,2760256.31,2463777.57,2727503.29,2130947.86
2023-01-09,2731151.46,2520940.42,2834064.88,2556403.02,2809728.9,2155949.87
2023-01-10,2753083.05,2531107.26,2858901.54,2578098.09,2824869.01,2173171.48
2023-01-11,2822522.37,2606332.75,2914487.76,2636031.83,2890964.55,2238278.0
2023-01-12,2853029.49,2622315.27,2951087.42,2674420.42,2919904.43,2247321.49
2023-01-13,2880351.13,2631018.86,2981938.32,2696825.62,2934441.89,2268670.03
2023-01-17,2967817.57,2703245.95,3064306.18,2795255.77,3033657.83,2282174.33
2023-01-18,2924800.63,2663298.22,3022197.61,2749242.31,2987281.86,2258441.16
2023-01-19,2883524.98,2644663.64,2985335.51,2713757.71,2957104.38,2250546.82
2023-01-20,3010772.22,2754070.64,3110302.78,2855387.94,3078292.43,2332654.04
2023-01-23,3154952.94,2866923.45,3256193.73,3017354.09,3231022.59,2383698.31
2023-01-24,3158123.01,2863372.34,3265796.12,3011602.52,3238696.75,2377886.87
2023-01-25,3156221.67,2853089.65,3258458.01,3004298.69,3233655.95,2361366.06
2023-01-26,3300111.71,3011124.95,3377460.93,3163547.56,3405242.28,2427765.02
2023-01-27,3448309.22,3161485.06,3495135.98,3328310.58,3579020.76,2474899.91
2023-01-30,3297528.01,3031613.73,3349820.78,3160125.66,3418839.23,2409662.21
2023-01-31,3375586.27,3110119.82,3415981.68,3242775.53,3501555.12,2454172.75
2023-02-01,3508138.56,3208856.01,3545937.71,3396209.58,3632407.05,2501362.44
2023-02-02,3675493.76,3378582.78,3726939.49,3594128.08,3828312.58,2633957.99
2023-02-03,3633148.24,3355117.42,3704292.98,3536506.38,3822148.91,2594964.88
2023-02-06,3638922.43,3367726.54,3695221.79,3555950.76,3837548.89,2569078.0
2023-02-07,3737747.77,3449174.55,3811059.5,3669369.83,3934552.03,2642814.17
2023-02-08,3727835.04,3432354.85,3783115.39,3648045.3,3929888.81,2585219.84
2023-02-09,3743819.8,3442254.83,3784992.47,3661167.34,3954757.36,2550707.64
2023-02-10,3631838.32,3352112.38,3684193.25,3521988.29,3834515.51,2530668.45
2023-02-13,3674897.94,3378322.72,3742770.54,3554985.79,3871756.73,2574269.56
2023-02-14,3810384.94,3492872.74,3856875.01,3718498.61,4019047.44,2593228.52
2023-02-15,3842178.42,3535410.17,3876887.27,3744890.09,4057668.26,2616500.11
2023-02-16,3708387.49,3406151.97,3761625.89,3599281.28,3910295.67,2558531.45
2023-02-17,3701276.79,3425961.35,3734927.88,3596441.08,3924939.38,2536926.27
2023-02-21,3568616.86,3301827.38,3613790.52,3463487.37,3782733.77,2467697.96
2023-02-22,3595655.63,3325939.54,3632176.38,3489510.24,3811626.62,2472588.65
2023-02-23,3740811.68,3369552.24,3805207.23,3664046.71,3923530.61,2495624.51
2023-02-24,3664665.89,3296173.56,3734171.92,3591357.81,3843489.57,2445320.72
2023-02-27,3743718.92,3382910.09,3794260.04,3676834.69,3939714.75,2470016.18
2023-02-28,3721299.67,3369167.71,3774690.4,3657778.35,3921680.74,2465368.56
2023-03-01,3661344.73,3325453.39,3714536.73,3602869.53,3863341.04,2435921.62
2023-03-02,3634405.84,3268126.19,3721040.34,3574135.22,3807200.96,2451661.96
2023-03-03,3744842.43,3368629.37,3836410.89,3683637.05,3933849.31,2517241.22
2023-03-06,3720879.35,3354120.81,3826901.97,3645096.81,3911126.11,2535432.66
2023-03-07,3657557.55,3288824.8,3768740.71,3580922.6,3837709.76,2501702.87
2023-03-08,3672868.73,3262341.06,3807966.66,3597444.9,3831046.18,2509365.1
2023-03-09,3565584.67,3168096.31,3708255.09,3478490.65,3714853.65,2466497.62
2023-03-10,3524739.18,3141629.02,3658512.04,3439504.48,3680572.48,2431598.06
2023-03-13,3553028.08,3174396.53,3686079.39,3457564.71,3710707.25,2464807.89
2023-03-14,3689944.22,3294489.4,3823764.4,3618765.17,3861022.46,2529381.67
2023-03-15,3698879.47,3301855.45,3840678.89,3631328.81,3863287.07,2556710.94
2023-03-16,3828494.69,3403159.73,3978336.26,3774808.57,3983752.76,2642796.69
2023-03-17,3808461.9,3376861.88,3962128.98,3751384.3,3944326.14,2645374.53
2023-03-20,3832579.89,3389354.21,3992585.01,3776116.03,3979433.0,2638445.51
2023-03-21,3954937.53,3524946.61,4088885.76,3915699.15,4123443.64,2695115.73
2023-03-22,3912953.59,3463196.86,4062315.79,3874720.25,4066699.19,2665294.07
2023-03-23,3969938.12,3505392.59,4129697.87,3943770.99,4122106.87,2700414.87
2023-03-24,3949802.18,3500361.02,4114738.19,3912221.96,4109040.73,2709314.44
2023-03-27,3925082.84,3477798.69,4077770.92,3885056.17,4085939.11,2672761.5
2023-03-28,3894128.0,3444339.62,4049839.52,3848110.36,4051106.9,2652616.05
2023-03-29,3979603.2,3516227.15,4134805.46,3928905.8,4139841.22,2701756.8
2023-03-30,4022732.6,3546340.39,4180240.73,3966916.12,4181536.37,2725026.14
2023-03-31,4137228.95,3669835.79,4278830.37,4092495.94,4317554.51,2780640.66
2023-04-03,4077689.47,3586238.22,4254444.8,4024552.31,4235246.43,2775466.69
2023-04-04,4044878.4,3568218.76,4217557.45,3986235.5,4202458.1,2773025.92
2023-04-05,3956724.21,3492472.69,4138502.15,3896234.93,4109100.9,2737128.77
2023-04-06,3986570.39,3530530.63,4173766.02,3934245.64,4138711.9,2783367.51
2023-04-10,3989651.95,3509663.05,4175717.69,3948824.23,4130005.13,2756129.87
2023-04-11,3961872.0,3495148.36,4141060.6,3927657.74,4114637.91,2722924.76
2023-04-12,3886381.57,3438146.98,4075014.08,3843064.15,4040941.06,2701923.37
2023-04-13,3969196.09,3531522.63,4153503.8,3909867.75,4135568.74,2780145.41
2023-04-14,3974088.3,3523157.73,4163573.01,3925533.57,4134416.27,2775746.27
2023-04-17,3994482.48,3533960.1,4179047.02,3937115.32,4154016.7,2771467.15
2023-04-18,4010340.24,3517943.2,4210711.92,3948976.08,4157826.02,2770044.41
2023-04-19,4010435.7,3498452.83,4218224.26,3937715.33,4141308.74,2778208.83
2023-04-20,3863791.96,3357094.68,4098014.67,3772814.69,3968018.77,2747864.81
2023-04-21,3876921.35,3369748.99,4095583.2,3789886.26,3975564.85,2748199.46
2023-04-24,3854522.73,3344260.3,4080815.36,3768791.09,3950308.05,2738893.71
2023-04-25,3775625.16,3285774.25,3999042.53,3683735.7,3879683.28,2687643.83
2023-04-26,3802300.06,3296671.12,4040908.0,3699873.29,3882775.27,2741636.02
2023-04-27,3921030.62,3429091.81,4169266.53,3835759.39,4036061.38,2836167.84
2023-04-28,3966243.25,3468676.13,4224860.28,3892333.14,4096469.89,2844597.08
2023-05-01,3994018.31,3453700.21,4279164.97,3939981.94,4115719.65,2832435.61
2023-05-02,3947703.33,3425164.58,4219927.54,3877308.2,4067187.75,2816387.44
2023-05-03,3923606.64,3415948.97,4186904.91,3852174.03,4045085.3,2806446.21
2023-05-04,3907301.06,3409075.81,4159266.55,3833560.85,4027125.3,2795296.17
2023-05-05,4056162.41,3526130.77,4315121.04,3964452.54,4181619.41,2873961.4
2023-05-08,4088543.88,3545287.58,4348804.12,4011054.68,4209908.15,2882541.41
2023-05-09,4038862.22,3511430.87,4293078.17,3959013.16,4159149.96,2864080.47
2023-05-10,4081254.88,3548531.79,4335969.57,3999720.89,4187551.45,2918059.53
2023-05-11,4099881.96,3586977.63,4342691.9,4030809.04,4212713.28,2943017.08
2023-05-12,4055362.31,3549045.99,4305347.27,3988904.76,4164058.39,2929369.99
2023-05-15,4076255.27,3545057.91,4335896.28,4018560.87,4177489.64,2928130.06
2023-05-16,4103064.85,3567987.11,4360025.49,4052454.37,4194526.54,2955902.19
2023-05-17,4205447.41,3649091.47,4455628.97,4172157.78,4297891.23,2991485.3
2023-05-18,4320521.88,3717912.03,4581966.1,4300090.62,4399799.01,3043548.16
2023-05-19,4314194.03,3732536.21,4568244.34,4292490.92,4408467.56,3038578.87
2023-05-22,4361814.58,3807196.45,4598564.13,4361713.26,4477966.34,3058905.03
2023-05-23,4297052.18,3746910.68,4528299.32,4294659.03,4409832.5,3011102.46
2023-05-24,4276753.34,3721379.99,4511114.03,4264699.51,4385637.3,3002497.5
2023-05-25,4647124.29,3845495.93,4960711.39,4724725.14,4671523.13,3086568.42
2023-05-26,4781689.39,3960111.4,5086877.88,4867666.95,4811554.1,3151173.43
2023-05-30,4889490.92,4029391.62,5190988.95,4983747.73,4918505.0,3170665.94
2023-05-31,4794023.97,4016832.68,5070891.69,4866767.87,4863378.97,3146600.34
2023-06-01,4932964.97,4093352.9,5228937.4,5023682.68,4990717.0,3197696.74
2023-06-02,4962486.74,4149694.67,5238826.9,5048192.45,5035621.19,3221772.42
2023-06-05,4975035.55,4175956.35,5235468.39,5068780.51,5051199.6,3227646.43
2023-06-06,4973369.31,4196475.53,5217100.43,5068288.74,5058570.17,3230282.33
2023-06-07,4891628.03,4147742.35,5120694.15,4974280.95,5002567.12,3154712.9
2023-06-08,5020359.8,4248002.02,5238384.31,5105478.34,5134688.59,3196173.11
2023-06-09,5088584.68,4323057.0,5291776.54,5184547.85,5220697.2,3211911.86
2023-06-12,5185711.76,4404685.77,5388334.21,5284585.64,5321205.52,3265467.14
2023-06-13,5307878.38,4486996.52,5505465.24,5433169.77,5440247.3,3286026.35
2023-06-14,5394177.69,4502713.35,5618830.48,5538496.24,5501116.86,3304584.12
2023-06-15,5406067.99,4539848.49,5637568.02,5542795.16,5526552.61,3351492.72
2023-06-16,5414039.82,4546378.99,5636906.39,5559957.37,5544938.75,3322849.26
2023-06-20,5541073.35,4647660.7,5747917.45,5715885.42,5686939.1,3331748.19
2023-06-21,5402055.97,4507159.22,5631113.7,5553844.57,5528043.29,3280593.16
2023-06-22,5472705.86,4587649.43,5688040.75,5613718.14,5602324.28,3344595.27
2023-06-23,5381030.32,4510002.04,5609556.37,5512905.43,5511813.25,3313552.6
2023-06-26,5188195.49,4339345.33,5428167.68,5279670.06,5302556.32,3240317.44
2023-06-27,5327194.35,4449547.62,5568238.01,5430947.76,5452022.56,3292110.19
2023-06-28,5336018.75,4497807.55,5558718.71,5434379.98,5480842.69,3313353.89
2023-06-29,5323237.97,4494661.05,5541032.55,5413007.1,5473547.95,3304174.07
2023-06-30,5453206.14,4578189.3,5685447.56,5545517.71,5597454.94,3365459.15
2023-07-03,5549158.56,4693372.96,5740140.76,5664133.08,5724213.24,3366497.24
2023-07-05,5563734.9,4722651.77,5751011.55,5699433.13,5752087.88,3375016.09
2023-07-06,5516897.55,4677238.9,5718167.44,5637348.11,5700528.67,3365140.16
2023-07-07,5514308.58,4650081.41,5717456.46,5638540.88,5682401.58,3347802.67
2023-07-10,5445354.54,4581027.77,5659171.73,5572914.15,5617822.86,3294762.19
2023-07-11,5463315.57,4592947.15,5676941.16,5599765.34,5633167.43,3303863.25
2023-07-12,5572794.05,4658723.66,5803857.79,5732150.63,5736523.21,3351237.97
2023-07-13,5731803.2,4762160.39,5967869.34,5926951.55,5874815.44,3419902.96
2023-07-14,5732371.93,4788500.63,5951993.76,5919556.26,5882562.43,3432557.8
2023-07-17,5841195.3,4871598.29,6063472.51,6034276.23,6004177.62,3459890.89
2023-07-18,5919295.38,4932161.51,6145718.2,6120681.31,6079923.1,3495933.84
2023-07-19,5895803.82,4909513.55,6123470.09,6083118.26,6057933.97,3488869.95
2023-07-20,5616232.19,4637040.97,5887124.62,5760183.78,5740302.42,3389364.63
2023-07-21,5531866.88,4589261.02,5788325.49,5659703.37,5654565.17,3368241.6
2023-07-24,5600314.6,4663712.06,5843383.9,5738569.06,5736360.16,3390398.98
2023-07-25,5643071.8,4670324.75,5907703.3,5788516.12,5761598.03,3417538.51
2023-07-26,5625014.85,4658095.94,5899152.14,5795626.1,5747171.52,3417110.62
2023-07-27,5589438.48,4591729.78,5893301.27,5781881.66,5701715.77,3389518.91
2023-07-28,5734817.94,4731406.87,6031078.37,5947453.55,5864902.04,3466140.0
2023-07-31,5739148.52,4730499.77,6026791.06,5941288.56,5860269.15,3466706.3
2023-08-01,5684693.87,4678354.26,5988765.23,5886763.65,5805825.53,3445954.07
2023-08-02,5498388.36,4553098.3,5789929.62,5674682.41,5631525.85,3362878.99
2023-08-03,5533190.25,4585916.68,5810297.71,5721452.37,5668568.61,3361513.26
2023-08-04,5496493.83,4531852.48,5737954.82,5701324.71,5582030.66,3335214.41
2023-08-07,5521315.9,4537246.53,5765662.54,5756891.96,5588266.29,3349510.22
2023-08-08,5467462.64,4504231.42,5713248.37,5690124.89,5542279.69,3331713.42
2023-08-09,5303734.23,4401471.47,5540096.58,5495771.35,5386859.82,3280605.8
2023-08-10,5316345.85,4424846.66,5542469.16,5509303.55,5406431.63,3285737.92
2023-08-11,5226177.06,4383058.1,5440506.72,5395731.0,5326543.36,3269620.58
2023-08-14,5364286.83,4415161.62,5616172.43,5561554.66,5422628.55,3311918.68
2023-08-15,5309349.26,4343686.56,5576181.62,5509067.01,5352780.08,3273859.96
2023-08-16,5228478.66,4268292.1,5504637.52,5413966.24,5260731.09,3243878.37
2023-08-17,5163391.28,4199646.91,5441809.53,5351010.56,5173477.76,3215468.1
2023-08-18,5134840.55,4162689.79,5422191.27,5309424.12,5139788.69,3199678.04
2023-08-21,5413919.12,4337167.96,5708553.94,5642078.1,5407195.07,3263269.83
2023-08-22,5371483.8,4344761.14,5651873.57,5580217.28,5384783.45,3270044.48
2023-08-23,5494860.01,4428157.96,5793364.52,5718487.61,5503540.38,3334968.85
2023-08-24,5408686.24,4325974.57,5713855.63,5642256.07,5399654.08,3260215.09
2023-08-25,5422807.54,4392522.1,5699439.06,5635906.62,5442775.55,3287732.76
2023-08-28,5473629.61,4416643.05,5765601.63,5697282.84,5490241.69,3308296.61
2023-08-29,5706045.43,4611604.11,5989566.45,5963328.12,5739739.31,3393151.76
2023-08-30,5743836.05,4629501.29,6039344.2,5991066.69,5769878.38,3421983.96
2023-08-31,5763351.26,4642897.57,6051936.38,6009266.82,5784245.24,3431667.33
2023-09-01,5658556.3,4548603.43,5970463.19,5874891.67,5667705.38,3423440.88
2023-09-05,5732965.12,4645100.33,6025319.81,5961039.63,5770912.06,3447264.95
2023-09-06,5600061.18,4566540.48,5873765.88,5836425.36,5645733.04,3385608.63
2023-09-07,5539969.87,4536324.67,5787444.32,5789747.61,5582733.2,3354566.27
2023-09-08,5503294.83,4525040.83,5750140.99,5739162.62,5547863.8,3368689.82
2023-09-11,5657811.86,4728869.62,5845671.85,5906863.71,5756534.68,3424477.5
2023-09-12,5575923.0,4643876.92,5766650.36,5825306.69,5661651.58,3370337.31
2023-09-13,5635911.46,4692960.51,5813267.38,5904333.75,5713898.13,3393539.23
2023-09-14,5683625.4,4749921.59,5860517.17,5960525.08,5778484.54,3422082.2
2023-09-15,5563845.59,4681128.24,5728253.89,5820836.39,5673181.58,3369697.49
2023-09-18,5528140.45,4627921.43,5722818.63,5770495.04,5625165.82,3376661.79
2023-09-19,5514168.12,4633765.69,5711652.05,5754014.85,5628961.17,3374648.32
2023-09-20,5390672.33,4540190.95,5576643.79,5618788.25,5511704.81,3297409.96
2023-09-21,5263616.81,4449255.97,5458529.12,5476156.49,5397030.59,3241802.5
2023-09-22,5230800.66,4377011.0,5460055.91,5442112.58,5340680.56,3231720.68
2023-09-25,5285468.7,4410821.25,5516038.55,5500397.25,5389192.96,3255297.85
2023-09-26,5209509.36,4342464.75,5443691.91,5438930.28,5318845.91,3187841.19
2023-09-27,5210797.39,4324376.51,5453707.88,5454477.52,5301957.98,3189628.17
2023-09-28,5281168.45,4386037.12,5522897.42,5546771.14,5382124.93,3211338.83
2023-09-29,5325577.0,4417793.79,5558893.55,5586096.88,5423050.5,3221383.54
2023-10-02,5426850.03,4483324.07,5675472.27,5701298.95,5513809.47,3281588.18
2023-10-03,5304023.85,4392478.21,5554766.41,5566480.78,5400834.6,3219164.67
2023-10-04,5437844.52,4536372.13,5663571.07,5719695.83,5556171.77,3278384.51
2023-10-05,5463431.13,4536670.12,5702847.14,5746058.58,5574244.34,3284097.55
2023-10-06,5553190.18,4599659.32,5811154.1,5848698.04,5660515.34,3344697.54
2023-10-09,5539984.94,4605989.09,5799811.72,5825916.6,5656099.37,3361380.06
2023-10-10,5586549.36,4636933.01,5841577.38,5886122.41,5703877.71,3363202.39
2023-10-11,5654415.04,4673504.43,5923140.48,5966166.4,5759252.19,3404682.56
2023-10-12,5636634.76,4638087.28,5914117.15,5934289.86,5727899.66,3396687.61
2023-10-13,5496952.74,4537103.52,5770673.87,5770400.68,5586450.73,3346298.48
2023-10-16,5561938.45,4590442.25,5833659.27,5850767.36,5648850.44,3381628.45
2023-10-17,5460821.25,4573096.77,5709578.62,5739334.41,5581501.77,3362454.73
2023-10-18,5287975.09,4444974.11,5544533.05,5536314.42,5407214.88,3311817.26
2023-10-19,5152945.23,4281513.01,5451987.84,5376411.15,5224613.62,3288495.43
2023-10-20,5041703.75,4181557.52,5349092.41,5258727.34,5108014.81,3231218.39
2023-10-23,5127270.23,4214456.93,5451136.72,5367390.86,5175747.76,3256649.06
2023-10-24,5195572.87,4265823.36,5512526.71,5446102.5,5236558.62,3285174.27
2023-10-25,5040498.01,4169064.48,5345518.44,5230963.74,5106587.22,3200869.88
2023-10-26,4883885.18,4039296.54,5175433.41,5059494.2,4943479.32,3108776.17
2023-10-27,4935832.69,4078923.37,5216496.86,5102903.8,4987913.84,3145532.55
2023-10-30,4949266.87,4059932.91,5255273.79,5106992.16,4970406.85,3194643.26
2023-10-31,4954425.15,4082356.45,5248406.24,5104729.71,4985542.01,3199463.59
2023-11-01,5097496.86,4183528.61,5402649.68,5262323.27,5123605.69,3272687.67
2023-11-02,5247517.3,4307238.56,5542869.34,5419437.0,5282625.85,3323761.3
2023-11-03,5332275.2,4349623.85,5638308.19,5532612.29,5352327.33,3349715.93
2023-11-06,5384403.14,4375811.58,5703793.6,5581627.69,5394580.69,3384616.2
2023-11-07,5438507.68,4426712.49,5755297.19,5627759.64,5450628.8,3425614.39
2023-11-08,5474918.21,4445151.64,5802596.09,5669553.46,5482399.72,3443999.54
2023-11-09,5411435.16,4348162.23,5771569.39,5602466.28,5395200.34,3413621.42
2023-11-10,5548639.71,4449803.72,5921609.7,5746393.64,5529867.91,3491792.78
2023-11-13,5598914.1,4501560.55,5954207.04,5817242.94,5594838.61,3481266.3
2023-11-14,5756367.99,4642659.58,6097029.66,5991760.08,5767791.51,3541626.19
2023-11-15,5747581.19,4673016.43,6073784.43,5979313.97,5781554.44,3544017.55
2023-11-16,5741874.61,4643612.02,6099312.69,5970343.5,5754244.68,3574372.14
2023-11-17,5733071.15,4628950.09,6083065.06,5955414.27,5744696.99,3555300.95
2023-11-20,5816064.51,4682154.74,6179328.29,6046851.89,5821340.22,3599420.65
2023-11-21,5810736.47,4700869.08,6158900.06,6049383.14,5832921.48,3583993.06
2023-11-22,5736926.92,4666468.86,6085794.1,5954148.86,5760694.48,3602041.4
2023-11-24,5689824.54,4651928.12,6020730.94,5894871.95,5723973.64,3581175.5
2023-11-27,5715678.36,4660662.99,6044555.89,5920846.3,5738623.42,3587053.47
2023-11-28,5766794.43,4749149.79,6074442.78,5978645.96,5823064.9,3611430.28
2023-11-29,5747364.38,4706272.72,6058155.72,5954928.39,5788107.12,3580925.1
2023-11-30,5657006.02,4653522.13,5960845.78,5830682.8,5704503.04,3560178.69
2023-12-01,5649841.92,4635147.99,5956286.81,5813125.04,5691168.74,3553452.63
2023-12-04,5545866.15,4564677.89,5844033.0,5693831.47,5595950.1,3500999.0
2023-12-05,5641828.78,4625787.41,5947910.38,5784616.43,5680811.36,3552858.56
2023-12-06,5578860.61,4600452.29,5875223.73,5717235.78,5636518.42,3522018.21
2023-12-07,5682038.86,4681083.49,5988962.3,5851643.74,5735008.62,3588065.85
2023-12-08,5743200.52,4710832.83,6062832.29,5916645.31,5795291.6,3604067.47
2023-12-11,5652916.55,4642592.45,5964425.69,5814740.06,5701771.79,3559688.72
2023-12-12,5702989.48,4651819.65,6036736.57,5869764.29,5742205.66,3579162.37
