Date,Eqw [%],Rdw_1 [%],Rdw_2 [%],Rdw_3 [%],Rdw_4 [%],Rdw_5 [%]
2018-12-14,0.0,0.0,0.0,0.0,0.0,0.0
2018-12-17,-2.93,-2.99,-2.3,-2.97,-2.66,-2.71
2018-12-18,1.06,0.7,1.33,1.1,0.86,1.3
2018-12-19,-3.17,-2.3,-3.72,-3.6,-3.6,-1.97
2018-12-20,-2.45,-2.3,-2.09,-1.97,-2.22,-2.05
2018-12-21,-3.66,-3.2,-3.85,-3.59,-3.5,-3.79
2018-12-24,-2.99,-3.15,-2.52,-2.37,-3.07,-2.46
2018-12-26,7.61,7.72,7.05,7.35,7.62,7.36
2018-12-27,-0.75,-0.43,-0.58,-0.59,-0.69,-0.08
2018-12-28,1.03,0.63,0.53,0.83,0.82,-0.02
2018-12-31,0.47,0.31,0.12,-0.26,-0.04,0.74
2019-01-02,0.28,-0.29,0.62,0.58,-0.07,0.63
2019-01-03,-4.75,-4.14,-5.62,-3.61,-5.01,-4.58
2019-01-04,5.16,5.02,5.08,5.39,5.04,4.89
2019-01-07,2.29,1.38,1.57,2.11,1.63,0.84
2019-01-08,0.73,1.08,0.83,0.64,1.13,1.17
2019-01-09,1.05,0.93,1.32,0.92,1.27,0.8
2019-01-10,0.44,0.15,0.49,0.49,0.5,-0.17
2019-01-11,-0.11,-0.49,0.0,0.11,-0.07,-0.86
2019-01-14,-0.99,-1.19,-0.52,-0.52,-0.78,-1.13
2019-01-15,2.32,2.74,1.94,2.2,2.24,2.84
2019-01-16,0.27,0.29,0.13,-0.15,0.09,0.51
2019-01-17,0.81,0.66,0.87,0.88,0.72,0.69
2019-01-18,-0.6,-1.24,0.3,-0.6,-1.17,0.55
2019-01-22,-2.91,-2.24,-2.72,-2.76,-2.29,-2.56
2019-01-23,-0.22,-0.39,-0.35,-0.74,-0.87,0.42
2019-01-24,1.23,0.38,1.26,1.66,0.98,0.02
2019-01-25,1.71,1.68,2.04,1.64,2.02,1.64
2019-01-28,-3.65,-1.89,-3.99,-4.15,-2.79,-1.9
2019-01-29,-2.06,-1.52,-2.05,-2.06,-1.74,-1.67
2019-01-30,4.54,4.06,4.73,3.82,4.56,4.25
2019-01-31,2.39,1.93,3.3,4.28,3.42,1.32
2019-02-01,-1.22,-0.89,-0.29,-0.5,-0.21,-1.62
2019-02-04,1.9,1.95,2.39,1.96,2.15,2.07
2019-02-05,1.45,1.53,1.33,1.27,1.48,1.44
2019-02-06,-0.48,-1.07,-0.19,-0.69,-0.41,-1.2
2019-02-07,-2.12,-1.8,-2.25,-2.33,-2.23,-1.5
2019-02-08,-0.23,-0.1,0.17,0.01,0.16,-0.27
2019-02-11,-0.14,-0.0,-0.46,-0.21,-0.23,-0.2
2019-02-12,1.66,1.26,1.26,1.41,0.82,1.82
2019-02-13,-0.07,-0.3,-0.11,-0.1,-0.32,-0.14
2019-02-14,-0.13,-0.19,0.19,-0.02,-0.03,-0.09
2019-02-15,0.25,0.17,0.27,0.18,0.24,-0.07
2019-02-19,0.17,0.1,-0.01,-0.03,-0.09,0.38
2019-02-20,0.05,-0.24,0.28,0.0,0.08,-0.16
2019-02-21,-0.87,-0.67,-0.99,-1.47,-1.12,-0.16
2019-02-22,1.29,1.23,1.39,1.39,1.32,1.17
2019-02-25,0.47,0.65,0.63,0.57,0.87,0.38
2019-02-26,-0.04,0.18,-0.13,-0.14,-0.1,0.33
2019-02-27,0.46,0.67,0.08,0.29,0.53,0.16
2019-02-28,-0.18,-0.01,-0.44,-0.07,-0.27,-0.18
2019-03-01,0.2,-0.22,0.41,0.02,-0.46,1.09
2019-03-04,0.41,0.28,0.67,0.7,0.56,0.53
2019-03-05,-0.17,-0.02,0.24,0.46,0.15,0.12
2019-03-06,-0.86,-0.29,-0.67,-0.61,-0.33,-0.51
2019-03-07,-1.54,-1.32,-1.45,-1.51,-1.34,-1.5
2019-03-08,0.45,0.43,0.47,0.54,0.62,0.07
2019-03-11,3.42,2.66,3.44,3.24,2.91,2.86
2019-03-12,0.34,0.31,0.54,0.28,0.17,0.8
2019-03-13,1.35,0.88,1.32,1.4,1.21,0.63
2019-03-14,-0.36,-0.27,-0.49,-1.02,-0.48,-0.05
2019-03-15,0.43,-0.28,0.28,-0.48,-0.55,0.74
2019-03-18,0.16,-0.04,-0.36,-0.95,-0.75,0.78
2019-03-19,0.92,0.41,0.87,1.39,0.53,0.46
2019-03-20,1.07,1.29,0.92,1.35,1.19,1.19
2019-03-21,2.37,1.65,2.69,1.79,2.12,1.92
2019-03-22,-2.66,-2.41,-2.38,-2.43,-2.28,-2.43
2019-03-25,-0.56,-0.29,-0.69,-0.52,-0.42,-0.32
2019-03-26,0.54,0.34,0.38,0.8,0.57,-0.14
2019-03-27,-0.16,-0.27,-0.09,-0.44,-0.01,-0.5
2019-03-28,0.3,0.19,0.17,0.15,0.22,0.08
2019-03-29,0.71,0.64,0.78,0.73,0.73,0.61
2019-04-01,1.53,1.52,1.29,1.69,1.41,1.34
2019-04-02,0.58,0.65,1.12,0.92,1.16,0.57
2019-04-03,1.07,0.71,1.05,1.03,0.87,0.59
2019-04-04,-0.7,-0.81,-0.2,-0.47,-0.72,-0.02
2019-04-05,0.85,0.54,0.65,0.53,0.69,0.37
2019-04-08,0.41,0.14,0.43,-0.08,0.23,0.41
2019-04-09,-0.49,-0.25,-0.25,-0.2,-0.02,-0.48
2019-04-10,0.8,0.66,0.74,0.74,0.7,0.61
2019-04-11,-0.49,-0.44,-0.47,-0.36,-0.6,-0.2
2019-04-12,0.05,0.39,0.13,0.31,0.23,0.4
2019-04-15,-0.45,-0.01,-0.5,-0.55,-0.28,0.1
2019-04-16,0.77,0.45,0.52,0.77,0.47,0.32
2019-04-17,0.4,0.53,0.57,0.05,0.45,0.83
2019-04-18,0.15,0.4,0.12,-0.02,0.22,0.38
2019-04-22,0.52,0.32,0.66,0.71,0.39,0.7
2019-04-23,1.37,1.3,1.29,1.23,1.23,1.45
2019-04-24,-0.57,-0.67,-0.36,-0.59,-0.53,-0.57
2019-04-25,0.09,1.13,0.62,1.01,1.14,0.9
2019-04-26,-0.74,-0.34,-1.35,-1.36,-1.34,0.53
2019-04-29,0.48,0.7,0.75,1.1,0.94,0.29
2019-04-30,-1.12,-1.86,-1.23,-2.0,-1.05,-2.33
2019-05-01,0.09,-0.5,0.77,-0.94,0.4,-0.09
2019-05-02,0.1,-0.16,0.05,0.39,0.16,-0.65
2019-05-03,1.92,2.16,1.41,1.73,1.73,2.08
2019-05-06,-0.87,-0.57,-1.04,-0.63,-0.9,-0.61
2019-05-07,-2.4,-2.15,-2.58,-2.34,-2.51,-1.96
2019-05-08,-0.1,-0.24,-0.03,-0.19,-0.12,-0.2
2019-05-09,-0.96,-0.6,-0.97,-0.87,-0.83,-0.59
2019-05-10,-0.43,-0.04,-0.5,-0.21,-0.39,-0.07
2019-05-13,-4.42,-3.85,-4.68,-4.05,-4.47,-3.78
2019-05-14,1.12,0.7,1.01,0.51,0.91,0.65
2019-05-15,1.18,1.85,1.26,1.71,1.46,1.99
2019-05-16,0.79,0.94,0.43,0.72,0.38,1.24
2019-05-17,-1.86,-1.72,-1.45,-1.99,-1.71,-1.23
2019-05-20,-1.96,-1.85,-2.3,-1.93,-2.15,-1.8
2019-05-21,0.97,0.82,1.36,1.04,1.17,0.84
2019-05-22,-0.97,-0.64,-1.05,-0.71,-1.09,-0.3
2019-05-23,-1.81,-1.37,-1.9,-1.78,-1.68,-1.52
2019-05-24,-0.42,-0.36,-0.51,-0.59,-0.48,-0.18
2019-05-28,0.0,0.16,0.02,0.26,0.22,0.09
2019-05-29,-1.01,-0.94,-1.06,-1.26,-0.92,-1.01
2019-05-30,0.04,0.23,0.16,-0.01,0.2,0.28
2019-05-31,-2.08,-1.91,-2.17,-2.21,-2.21,-1.78
2019-06-03,-3.53,-4.19,-3.49,-4.94,-4.0,-3.83
2019-06-04,3.66,3.11,3.74,3.5,3.66,2.67
2019-06-05,0.64,0.89,0.62,0.01,0.84,0.85
2019-06-06,1.41,1.33,1.27,1.09,1.37,1.1
2019-06-07,2.22,2.3,2.27,2.04,2.24,2.55
2019-06-10,1.94,1.61,1.47,1.7,1.51,1.59
2019-06-11,0.77,0.56,1.06,0.97,1.13,0.26
2019-06-12,-1.17,-0.95,-1.28,-1.56,-1.39,-0.48
2019-06-13,0.89,0.92,0.85,1.27,0.96,0.68
2019-06-14,-0.3,0.14,-0.21,0.1,0.22,-0.17
2019-06-17,1.24,1.47,1.48,1.97,2.01,0.75
2019-06-18,1.79,1.22,1.95,1.43,1.41,1.48
2019-06-19,0.11,0.09,-0.08,-0.01,-0.06,0.1
2019-06-20,0.46,0.48,0.66,0.49,0.49,0.74
2019-06-21,-0.15,0.25,-0.09,0.22,0.15,0.08
2019-06-24,0.29,0.28,0.32,0.35,0.42,0.09
2019-06-25,-1.89,-2.29,-1.82,-1.96,-1.94,-2.32
2019-06-26,1.4,0.49,1.48,0.82,0.94,0.72
2019-06-27,0.7,0.41,0.76,0.92,0.75,0.13
2019-06-28,0.01,0.17,0.25,0.73,0.41,-0.18
2019-07-01,1.35,1.27,1.2,1.0,1.08,1.47
2019-07-02,0.08,0.52,0.08,0.08,0.24,0.7
2019-07-03,0.91,1.11,0.93,1.1,1.2,0.73
2019-07-05,-0.3,-0.11,-0.4,-0.32,-0.39,0.09
2019-07-08,-0.84,-0.73,-1.2,-0.86,-1.0,-0.74
2019-07-09,0.73,0.58,0.65,0.82,0.69,0.64
2019-07-10,1.56,1.54,1.49,1.77,1.64,1.26
2019-07-11,0.28,-0.03,0.39,0.59,0.09,-0.11
2019-07-12,0.85,0.85,0.97,1.04,1.18,0.5
2019-07-15,0.53,0.54,0.35,0.29,0.46,0.44
2019-07-16,-0.43,-0.49,-0.32,-0.18,-0.37,-0.51
2019-07-17,-0.22,-0.46,-0.19,-0.15,-0.3,-0.61
2019-07-18,0.02,-0.01,0.23,-0.19,0.09,0.11
2019-07-19,-0.67,-0.52,-0.93,-0.75,-0.7,-0.78
2019-07-22,1.34,1.2,1.64,1.21,1.49,1.35
2019-07-23,0.97,0.73,0.97,0.96,0.83,0.67
2019-07-24,0.7,0.61,0.73,0.83,0.86,0.27
2019-07-25,-2.4,-2.3,-2.06,-2.8,-2.75,-0.98
2019-07-26,0.76,1.82,1.09,2.31,0.67,2.3
2019-07-29,-0.24,-0.24,-0.17,-0.65,-0.15,-0.4
2019-07-30,-0.09,-0.13,-0.0,0.1,0.22,-0.59
2019-07-31,-1.28,-1.21,-0.98,-1.82,-0.98,-0.98
2019-08-01,-1.13,-0.64,-1.3,-1.07,-1.19,-0.5
2019-08-02,-1.58,-1.3,-1.74,-1.52,-1.57,-1.44
2019-08-05,-4.21,-3.76,-4.59,-4.09,-4.24,-3.85
2019-08-06,1.49,1.59,1.56,1.4,1.56,1.65
2019-08-07,0.66,0.57,0.72,0.56,0.69,0.54
2019-08-08,2.45,2.5,2.52,2.61,2.51,2.46
2019-08-09,-1.36,-1.16,-1.33,-1.53,-1.24,-1.12
2019-08-12,-1.26,-1.28,-1.14,-1.48,-1.24,-1.07
2019-08-13,2.68,2.4,2.83,2.17,2.64,2.55
2019-08-14,-3.63,-3.6,-3.64,-3.93,-3.92,-3.12
2019-08-15,-0.07,0.02,-0.05,0.22,0.05,0.04
2019-08-16,2.39,1.65,2.61,2.27,2.14,1.6
2019-08-19,2.59,1.95,2.74,2.82,2.39,1.76
2019-08-20,-0.86,-0.85,-0.86,-1.22,-0.84,-0.77
2019-08-21,0.88,0.59,0.85,0.58,0.5,0.97
2019-08-22,-0.37,-0.42,-0.28,-0.33,-0.33,-0.47
2019-08-23,-3.86,-3.51,-3.95,-3.56,-3.73,-3.53
2019-08-26,1.58,1.56,1.69,1.56,1.65,1.54
2019-08-27,-0.65,-0.21,-0.68,-0.41,-0.42,-0.32
2019-08-28,0.2,0.22,0.25,0.14,0.27,0.22
2019-08-29,2.08,1.96,2.22,2.33,2.17,1.77
2019-08-30,-0.02,-0.02,0.03,0.07,0.13,-0.25
2019-09-03,-1.01,-1.18,-1.5,-1.41,-1.42,-1.06
2019-09-04,1.32,1.14,1.77,1.58,1.56,1.2
2019-09-05,2.96,2.39,2.99,3.28,2.73,2.19
2019-09-06,-0.58,-0.7,-0.68,-0.93,-0.83,-0.48
2019-09-09,0.27,0.03,0.4,0.46,0.42,-0.19
2019-09-10,0.22,-0.15,0.31,-0.01,0.08,-0.1
2019-09-11,1.39,1.4,1.67,1.22,1.8,1.17
2019-09-12,0.34,0.45,0.06,0.26,-0.01,0.69
2019-09-13,-0.7,-0.38,-0.89,-0.28,-0.73,-0.47
2019-09-16,-0.71,-0.63,-0.39,-0.81,-0.43,-0.6
2019-09-17,0.59,0.57,0.55,0.55,0.65,0.46
2019-09-18,0.14,0.33,0.27,-0.06,0.26,0.44
2019-09-19,0.1,0.73,-0.03,0.34,0.35,0.51
2019-09-20,-1.47,-1.18,-1.32,-1.18,-1.21,-1.19
2019-09-23,0.06,-0.15,0.05,-0.14,-0.2,0.0
2019-09-24,-2.0,-2.11,-1.7,-2.4,-2.22,-1.43
2019-09-25,1.9,1.7,1.85,1.99,1.68,1.71
2019-09-26,-0.22,0.06,-0.35,-0.19,-0.03,-0.46
2019-09-27,-1.3,-1.13,-1.42,-1.67,-1.29,-1.06
2019-09-30,0.96,0.68,1.18,0.41,1.0,0.85
2019-10-01,-0.26,-0.59,-0.37,-0.61,-0.41,-0.63
2019-10-02,-1.48,-1.64,-1.54,-1.21,-1.43,-1.93
2019-10-03,1.32,0.84,1.8,1.79,1.35,1.0
2019-10-04,1.2,1.27,1.38,0.81,1.2,1.65
2019-10-07,0.2,-0.02,0.2,0.3,0.19,-0.25
2019-10-08,-1.57,-1.12,-1.64,-1.68,-1.28,-1.31
2019-10-09,1.43,1.45,1.45,1.46,1.46,1.35
2019-10-10,0.65,0.55,0.83,0.51,0.68,0.64
2019-10-11,1.42,1.22,1.79,1.33,1.76,1.14
2019-10-14,0.32,0.31,0.1,0.32,0.25,0.05
2019-10-15,1.94,1.58,2.01,2.83,1.84,1.35
2019-10-16,-0.21,-0.15,-0.34,-0.12,-0.19,-0.22
2019-10-17,0.3,0.26,0.27,0.38,0.29,0.26
2019-10-18,-1.25,-1.26,-1.11,-1.69,-1.31,-0.91
2019-10-21,1.41,0.92,1.63,1.3,1.39,1.03
2019-10-22,-0.84,-1.08,-1.06,-1.3,-1.32,-0.84
2019-10-23,0.57,0.86,0.93,0.8,1.0,0.84
2019-10-24,2.13,2.54,1.37,2.21,2.4,1.05
2019-10-25,1.82,1.67,1.93,2.2,2.26,0.59
2019-10-28,1.16,1.39,1.17,1.19,1.09,1.58
2019-10-29,-1.66,-1.6,-1.65,-1.5,-1.58,-1.57
2019-10-30,0.28,0.29,0.05,-0.02,0.02,0.46
2019-10-31,0.29,0.29,0.71,0.12,0.77,0.3
2019-11-01,1.08,0.9,1.37,0.73,1.15,1.22
2019-11-04,1.36,0.96,1.4,1.63,1.15,0.88
2019-11-05,-0.17,-0.1,-0.19,-0.17,-0.17,-0.09
2019-11-06,-0.12,0.02,-0.33,-0.32,-0.16,-0.14
2019-11-07,0.58,0.69,0.6,0.53,0.63,0.6
2019-11-08,0.24,0.46,0.25,0.19,0.34,0.42
2019-11-11,0.18,0.14,0.23,-0.11,0.33,-0.1
2019-11-12,0.62,0.73,0.74,1.05,0.99,0.32
2019-11-13,-0.28,-0.18,-0.0,-0.51,-0.13,-0.0
2019-11-14,0.22,0.35,0.1,0.53,0.14,0.24
2019-11-15,0.12,0.92,0.34,0.2,0.61,0.93
2019-11-18,0.94,0.25,1.1,0.95,0.83,0.17
2019-11-19,-0.1,0.29,-0.21,0.01,0.25,-0.12
2019-11-20,-0.45,-0.77,-0.46,-0.39,-0.7,-0.67
2019-11-21,-0.23,-0.07,-0.2,-0.05,-0.06,-0.26
2019-11-22,-0.46,-0.74,-0.26,-0.61,-0.68,-0.09
2019-11-25,1.95,1.26,1.98,1.81,1.58,1.35
2019-11-26,-0.43,-0.17,-0.71,-0.56,-0.7,0.19
2019-11-27,0.86,0.69,0.93,0.72,0.96,0.66
2019-11-29,-0.55,-0.5,-0.42,-0.52,-0.39,-0.56
2019-12-02,-1.31,-0.91,-1.46,-1.36,-1.08,-1.15
2019-12-03,-0.64,-0.37,-0.79,-0.22,-0.65,-0.54
2019-12-04,0.37,0.45,0.58,0.52,0.35,0.69
2019-12-05,0.06,0.19,0.44,-0.02,0.34,0.33
2019-12-06,1.34,1.26,1.45,1.17,1.4,1.25
2019-12-09,-0.24,-0.13,-0.39,0.18,-0.23,-0.38
2019-12-10,0.41,0.35,0.45,0.42,0.52,0.09
2019-12-11,0.8,0.59,0.85,0.75,0.81,0.49
2019-12-12,0.88,0.45,0.52,0.49,0.22,0.55
2019-12-13,0.26,0.21,0.26,-0.35,0.1,0.5
2019-12-16,1.55,1.77,1.56,1.7,2.01,1.11
2019-12-17,0.35,-0.09,0.29,0.24,0.12,0.01
2019-12-18,0.5,0.62,0.57,1.02,0.97,-0.08
2019-12-19,1.18,1.04,1.2,1.58,1.33,0.56
2019-12-20,0.39,0.29,0.42,0.45,0.38,0.13
2019-12-23,0.73,0.74,0.68,0.37,0.86,0.53
2019-12-24,0.05,0.06,-0.02,-0.06,0.07,-0.09
2019-12-26,1.71,1.5,1.31,1.2,1.33,1.82
2019-12-27,-0.21,-0.09,-0.23,-0.33,-0.12,-0.11
2019-12-30,-1.22,-1.26,-0.99,-1.81,-1.27,-0.71
2019-12-31,0.56,0.38,0.65,0.55,0.6,0.29
2020-01-02,2.29,2.26,2.2,2.25,2.25,2.23
2020-01-03,-0.66,-0.4,-0.77,-0.42,-0.4,-0.9
2020-01-06,1.12,1.28,1.07,1.49,1.19,1.18
2020-01-07,0.49,0.34,0.3,0.8,0.53,-0.25
2020-01-08,1.22,1.64,1.31,1.26,1.71,1.05
2020-01-09,0.86,0.78,1.25,0.67,0.93,1.26
2020-01-10,-0.11,-0.14,0.1,0.06,-0.05,-0.06
2020-01-13,2.68,2.66,2.55,2.86,3.11,1.45
2020-01-14,-0.77,-0.43,-1.02,-0.64,-0.64,-0.89
2020-01-15,-0.56,-0.35,-0.29,-0.34,-0.47,0.06
2020-01-16,0.89,0.83,0.97,0.64,0.73,1.18
2020-01-17,0.33,0.54,0.58,0.42,0.42,0.79
2020-01-21,0.83,1.03,0.15,0.98,0.82,0.14
2020-01-22,0.68,0.64,0.55,0.8,0.82,0.06
2020-01-23,0.37,0.27,0.37,0.21,0.26,0.3
2020-01-24,-0.92,-0.98,-0.78,-1.08,-0.84,-0.92
2020-01-27,-2.38,-1.97,-2.56,-2.24,-2.19,-2.2
2020-01-28,2.13,1.86,2.31,1.87,2.09,1.95
2020-01-29,1.13,1.54,1.33,1.02,1.69,1.25
2020-01-30,1.4,1.76,0.09,0.48,0.78,0.86
2020-01-31,-0.86,-1.05,-2.79,-1.42,-2.26,-0.98
2020-02-03,3.98,5.19,2.86,5.32,4.9,1.97
2020-02-04,4.45,4.54,3.78,4.01,5.24,2.12
2020-02-05,-3.04,-4.02,-1.52,-3.7,-3.92,-0.47
2020-02-06,1.35,1.54,1.31,1.39,1.34,1.49
2020-02-07,-0.17,-0.02,-0.48,0.04,-0.29,-0.05
2020-02-10,2.36,2.11,1.96,2.51,1.91,1.91
2020-02-11,-0.12,-0.76,-0.45,-0.23,-0.72,-0.7
2020-02-12,0.9,0.58,1.35,0.74,0.99,0.91
2020-02-13,0.45,0.78,0.2,0.92,0.92,-0.3
2020-02-14,1.22,0.43,1.62,1.72,0.98,0.36
2020-02-18,1.73,1.9,1.11,2.53,1.98,0.28
2020-02-19,2.85,2.2,2.62,3.07,2.78,1.02
2020-02-20,-1.39,-1.35,-1.4,-1.45,-1.48,-1.09
2020-02-21,-2.44,-2.0,-2.63,-2.37,-2.09,-2.52
2020-02-24,-5.5,-5.25,-5.45,-5.71,-5.58,-4.57
2020-02-25,-3.0,-2.72,-3.09,-2.98,-3.05,-2.42
2020-02-26,0.47,0.11,0.85,0.16,0.24,0.84
2020-02-27,-7.01,-7.45,-6.53,-6.79,-7.31,-6.26
2020-02-28,1.55,0.93,1.99,2.17,1.25,1.15
2020-03-02,6.06,6.64,5.89,4.73,6.53,6.11
2020-03-03,-2.96,-3.07,-3.48,-3.22,-3.16,-3.52
2020-03-04,3.86,3.13,4.28,3.65,3.5,3.78
2020-03-05,-3.32,-3.32,-3.46,-3.7,-3.35,-3.31
2020-03-06,-2.11,-2.23,-2.11,-2.33,-2.25,-1.88
2020-03-09,-8.06,-8.25,-7.93,-8.17,-8.58,-6.97
2020-03-10,6.19,6.18,6.37,5.82,6.27,6.24
2020-03-11,-3.97,-3.84,-4.18,-4.3,-3.82,-4.18
2020-03-12,-10.08,-9.77,-10.28,-10.22,-10.28,-9.19
2020-03-13,8.59,8.52,10.09,7.95,8.59,10.65
2020-03-16,-13.75,-13.91,-14.73,-14.9,-15.05,-12.12
2020-03-17,5.26,4.16,5.24,4.47,3.96,5.57
2020-03-18,-4.44,-4.82,-4.4,-5.29,-5.35,-2.59
2020-03-19,3.99,4.16,3.12,5.46,4.51,1.68
2020-03-20,-3.29,-3.21,-3.93,-2.63,-3.39,-3.95
2020-03-23,0.7,-0.24,-0.08,0.71,-0.19,-0.46
2020-03-24,10.17,9.75,11.42,11.32,11.41,7.89
2020-03-25,-0.51,-0.18,-0.77,-0.69,-0.01,-1.45
2020-03-26,3.88,3.88,4.45,3.65,3.71,5.05
2020-03-27,-3.2,-3.65,-3.38,-3.16,-3.46,-3.85
2020-03-30,3.48,3.54,3.94,3.65,3.45,4.23
2020-03-31,0.15,0.44,0.06,0.67,0.52,-0.27
2020-04-01,-5.29,-4.97,-5.67,-5.8,-5.63,-4.24
2020-04-02,1.04,0.23,1.52,0.77,0.35,1.36
2020-04-03,-1.09,-0.4,-1.79,-1.46,-0.86,-1.2
2020-04-06,7.77,7.6,8.43,8.08,8.12,7.46
2020-04-07,-0.1,0.62,-0.59,0.3,0.45,-0.38
2020-04-08,1.99,1.69,2.34,2.17,2.11,1.78
2020-04-09,0.49,0.91,0.31,0.47,0.89,0.29
2020-04-13,4.06,3.64,2.63,3.6,3.62,2.18
2020-04-14,5.49,5.44,4.98,5.11,5.27,4.94
2020-04-15,0.05,0.1,-0.47,0.04,-0.04,-0.39
2020-04-16,2.66,1.95,2.08,2.23,1.82,2.06
2020-04-17,-0.16,0.5,-0.07,0.59,0.31,0.02
2020-04-20,-1.14,-1.27,-1.53,-1.13,-1.4,-1.27
2020-04-21,-4.71,-4.76,-4.67,-5.32,-5.03,-3.75
2020-04-22,4.23,4.32,4.68,5.33,4.99,3.23
2020-04-23,-0.53,-0.74,-0.48,-0.43,-0.82,-0.03
2020-04-24,1.89,1.91,2.23,1.82,2.36,1.54
2020-04-27,1.76,1.89,1.39,2.24,2.27,-0.06
2020-04-28,-2.5,-2.73,-2.28,-2.74,-2.53,-2.47
2020-04-29,3.79,4.69,4.05,4.79,4.28,4.63
2020-04-30,0.88,0.97,0.93,0.52,0.95,1.73
2020-05-01,-4.67,-4.43,-3.19,-4.33,-4.01,-3.44
2020-05-04,2.92,3.08,2.55,3.1,3.26,1.75
2020-05-05,0.94,1.09,1.12,1.01,1.08,1.13
2020-05-06,1.2,1.03,1.06,1.0,1.14,0.85
2020-05-07,1.02,0.79,1.24,1.25,0.94,1.0
2020-05-08,2.07,1.96,2.05,2.06,2.26,1.31
2020-05-11,1.23,0.73,1.42,1.08,0.89,1.2
2020-05-12,-1.81,-1.56,-1.82,-1.89,-1.51,-1.84
2020-05-13,-1.08,-1.56,-1.31,-1.47,-1.6,-1.18
2020-05-14,1.33,0.92,1.35,1.52,1.21,0.69
2020-05-15,1.52,0.88,1.74,2.22,1.23,0.84
2020-05-18,1.75,1.41,1.98,1.68,1.79,1.3
2020-05-19,0.06,-0.22,0.08,0.26,0.05,-0.27
2020-05-20,2.01,2.09,2.4,2.59,2.48,1.97
2020-05-21,-0.85,-0.35,-0.74,-0.47,-0.27,-0.95
2020-05-22,0.59,0.16,1.04,0.92,0.63,0.28
2020-05-26,-1.12,-0.59,-1.33,-1.19,-1.0,-0.6
2020-05-27,-0.52,-0.15,-0.62,-0.86,-0.46,-0.02
2020-05-28,-0.6,-0.68,-0.57,-0.86,-0.82,-0.25
2020-05-29,2.01,1.48,1.67,2.26,1.61,0.97
2020-06-01,1.73,2.23,1.41,2.01,2.46,0.82
2020-06-02,0.01,0.04,0.2,-0.08,-0.05,0.49
2020-06-03,-0.02,0.02,-0.13,-0.36,-0.13,0.17
2020-06-04,-1.04,-1.41,-1.0,-1.22,-1.28,-1.17
2020-06-05,2.03,2.18,2.23,1.95,2.28,2.09
2020-06-08,1.52,2.09,0.81,1.46,1.8,0.96
2020-06-09,1.85,1.23,2.16,1.52,1.68,1.83
2020-06-10,3.57,3.69,2.98,3.21,3.59,2.51
2020-06-11,-4.94,-4.91,-5.2,-5.15,-5.16,-4.64
2020-06-12,-0.08,-0.33,0.57,0.05,-0.06,0.42
2020-06-15,2.28,2.21,2.08,2.56,2.55,1.11
2020-06-16,0.86,1.2,0.99,0.33,0.89,1.95
2020-06-17,0.77,0.54,0.62,0.89,0.54,0.43
2020-06-18,0.36,0.48,0.19,0.2,0.42,0.24
2020-06-19,0.06,-0.12,0.03,0.26,0.02,-0.19
2020-06-22,1.64,1.35,1.85,1.2,1.33,2.03
2020-06-23,0.92,1.04,0.87,0.52,0.96,1.29
2020-06-24,-2.33,-2.57,-2.42,-2.78,-2.75,-1.93
2020-06-25,1.65,1.47,1.67,1.71,1.67,1.13
2020-06-26,-3.3,-3.53,-3.91,-4.42,-3.99,-3.24
2020-06-29,1.8,2.36,1.94,2.15,2.48,1.54
2020-06-30,3.2,3.33,2.7,3.64,3.37,2.13
2020-07-01,1.95,2.12,1.4,2.44,2.01,1.52
2020-07-02,1.89,2.35,1.15,2.16,2.03,0.91
2020-07-06,5.32,5.71,4.06,5.44,5.61,3.48
2020-07-07,-0.18,-0.13,-0.0,0.17,0.21,-0.81
2020-07-08,1.52,0.88,1.76,1.07,1.0,1.88
2020-07-09,1.83,1.39,1.4,1.79,1.35,1.3
2020-07-10,2.53,3.38,1.63,3.16,3.23,0.93
2020-07-13,-2.72,-2.58,-2.45,-3.06,-2.53,-2.21
2020-07-14,1.23,0.94,1.57,1.33,1.33,0.72
2020-07-15,-0.14,0.36,0.06,-0.02,0.51,-0.35
2020-07-16,-1.34,-1.53,-1.18,-1.15,-1.49,-1.02
2020-07-17,-0.16,-0.19,0.07,0.11,0.04,-0.43
2020-07-20,5.28,5.48,3.81,5.03,4.81,4.39
2020-07-21,-2.27,-2.36,-1.95,-2.33,-2.45,-1.47
2020-07-22,0.56,0.77,0.62,0.69,0.73,0.41
2020-07-23,-4.03,-4.23,-3.92,-3.77,-4.14,-4.05
2020-07-24,-1.46,-2.18,-1.07,-1.85,-2.19,-0.46
2020-07-27,3.4,3.71,2.91,3.57,3.88,1.97
2020-07-28,-2.25,-2.31,-2.03,-2.42,-2.36,-1.66
2020-07-29,1.64,1.45,1.78,1.66,1.64,1.41
2020-07-30,0.47,0.14,0.69,0.36,0.32,0.53
2020-07-31,1.95,1.08,3.43,0.13,2.44,3.01
2020-08-03,2.3,2.58,2.58,2.08,2.67,1.96
2020-08-04,0.45,-0.18,0.43,0.27,0.14,-0.12
2020-08-05,0.49,0.22,0.26,0.27,0.11,0.56
2020-08-06,1.56,1.84,2.31,1.75,2.3,2.01
2020-08-07,-1.67,-1.6,-1.42,-1.07,-1.45,-1.63
2020-08-10,-0.73,-1.14,-0.44,-1.25,-0.97,-0.37
2020-08-11,-2.65,-2.55,-2.72,-2.53,-2.78,-2.32
2020-08-12,5.49,5.69,4.75,5.81,5.91,3.25
2020-08-13,1.36,1.66,1.25,1.39,1.77,0.8
2020-08-14,0.53,0.51,0.46,0.69,0.66,-0.08
2020-08-17,4.23,4.1,3.37,5.24,4.43,1.16
2020-08-18,1.58,1.8,0.89,1.41,1.3,1.75
2020-08-19,-0.63,-0.49,-0.41,-0.62,-0.36,-0.58
2020-08-20,2.75,3.56,2.4,2.97,3.39,2.23
2020-08-21,2.29,1.53,2.84,1.72,2.34,1.44
2020-08-24,0.06,-0.12,0.4,-0.1,0.01,0.58
2020-08-25,0.56,0.81,0.51,1.09,0.72,0.62
2020-08-26,3.21,4.09,2.96,4.13,4.14,2.51
2020-08-27,0.43,1.12,-0.28,0.32,0.57,-0.05
2020-08-28,0.57,0.0,0.87,0.81,0.23,0.36
2020-08-31,4.45,4.85,3.47,4.49,5.19,1.59
2020-09-01,0.35,-0.66,1.34,-0.38,-0.24,1.65
2020-09-02,-0.67,-1.3,-0.07,0.05,-1.36,0.47
2020-09-03,-7.49,-7.14,-7.59,-7.29,-7.54,-6.42
2020-09-04,-0.64,-0.18,-0.98,-1.03,-0.21,-1.26
2020-09-08,-9.65,-10.85,-8.29,-10.08,-10.88,-6.24
2020-09-09,5.9,5.8,5.21,5.85,5.94,3.95
2020-09-10,-1.83,-1.31,-2.22,-1.36,-1.45,-2.5
2020-09-11,-0.81,-0.52,-0.84,-0.55,-0.54,-1.03
2020-09-14,4.99,5.1,4.44,5.45,5.69,1.81
2020-09-15,2.82,3.5,2.1,3.39,3.31,1.55
2020-09-16,-2.53,-2.16,-2.76,-2.49,-2.5,-2.26
2020-09-17,-2.25,-2.63,-1.96,-2.46,-2.6,-1.78
2020-09-18,-0.26,0.47,-1.01,0.32,0.32,-1.72
2020-09-21,1.49,1.03,1.62,0.84,1.38,0.95
2020-09-22,0.03,-0.68,0.35,-0.63,-0.93,2.15
2020-09-23,-5.69,-6.09,-4.94,-5.8,-6.01,-4.18
2020-09-24,1.37,1.34,1.31,1.4,1.36,1.07
2020-09-25,3.68,3.47,3.62,3.57,3.78,2.77
2020-09-28,2.17,2.18,1.89,1.95,2.16,1.84
2020-09-29,-0.09,-0.3,0.2,0.45,0.05,-0.53
2020-09-30,1.57,1.49,1.59,1.52,1.64,1.04
2020-10-01,2.11,2.46,1.62,2.3,2.31,1.5
2020-10-02,-4.45,-4.61,-4.04,-4.6,-4.7,-3.22
2020-10-05,2.9,2.47,3.03,2.83,2.75,2.47
2020-10-06,-1.99,-2.42,-1.74,-1.64,-2.13,-2.49
2020-10-07,2.04,1.94,1.64,1.67,1.78,1.82
2020-10-08,0.02,0.4,0.12,0.34,0.3,0.35
2020-10-09,1.48,1.82,1.08,1.06,1.33,2.1
2020-10-12,3.67,3.3,4.03,3.08,3.55,4.24
2020-10-13,-0.1,0.14,-0.47,0.45,-0.1,-0.5
2020-10-14,0.17,0.67,-0.01,0.33,0.66,-0.54
2020-10-15,-1.3,-1.48,-1.15,-1.59,-1.55,-0.73
2020-10-16,-1.33,-1.11,-1.11,-1.05,-1.25,-0.79
2020-10-19,-2.21,-2.2,-2.26,-2.12,-2.17,-2.35
2020-10-20,0.13,-0.14,0.66,0.17,0.1,0.67
2020-10-21,-0.05,0.47,0.24,0.71,0.51,0.18
2020-10-22,-0.2,0.19,-0.42,0.04,-0.11,-0.07
2020-10-23,0.31,0.11,0.51,0.74,0.19,0.46
2020-10-26,-1.27,-1.27,-1.62,-1.92,-1.31,-1.4
2020-10-27,1.6,1.41,1.58,1.57,1.49,1.53
2020-10-28,-4.78,-4.75,-5.04,-5.07,-4.89,-4.73
2020-10-29,2.37,2.16,2.97,2.6,2.62,2.44
2020-10-30,-4.41,-3.82,-4.39,-3.8,-4.74,-2.9
2020-11-02,0.74,1.02,0.52,0.99,1.02,0.02
2020-11-03,3.15,3.26,2.83,3.46,3.37,1.96
2020-11-04,3.84,3.27,4.44,4.09,3.44,4.87
2020-11-05,3.12,3.16,3.07,2.85,3.3,2.74
2020-11-06,0.02,-0.59,0.34,0.08,-0.32,-0.1
2020-11-09,-3.51,-2.57,-3.56,-3.63,-3.16,-2.48
2020-11-10,-3.09,-2.49,-2.91,-3.45,-2.66,-2.16
2020-11-11,2.88,2.18,2.96,2.54,2.48,2.49
2020-11-12,-0.54,-0.7,-0.35,-0.51,-0.6,-0.46
2020-11-13,-0.21,0.04,-0.21,-0.18,-0.22,0.46
2020-11-16,0.57,0.32,0.79,0.58,0.54,0.44
2020-11-17,1.68,2.3,0.66,1.99,2.15,-0.19
2020-11-18,2.29,3.06,1.18,2.91,3.07,-0.42
2020-11-19,1.06,1.36,0.83,1.18,1.25,0.74
2020-11-20,-1.58,-1.46,-1.64,-1.78,-1.62,-1.1
2020-11-23,1.52,2.13,0.49,2.33,1.91,-0.47
2020-11-24,2.48,3.55,1.95,2.91,3.32,1.75
2020-11-25,1.91,1.72,1.44,1.86,1.77,0.91
2020-11-27,1.0,1.26,0.85,1.17,1.19,0.76
2020-11-30,-0.78,-1.4,-0.09,-1.32,-0.96,-0.28
2020-12-01,2.07,2.43,2.1,2.05,2.48,2.09
2020-12-02,-0.67,-1.0,-0.17,-0.59,-0.89,0.02
2020-12-03,0.99,1.49,0.35,1.05,1.29,0.01
2020-12-04,0.33,0.3,0.25,0.53,0.34,-0.17
2020-12-07,2.78,3.39,2.24,3.16,3.59,0.88
2020-12-08,0.29,0.67,-0.02,0.05,0.4,0.46
2020-12-09,-4.04,-4.33,-3.47,-4.33,-4.36,-2.52
2020-12-10,1.47,1.65,1.15,1.46,1.78,0.41
2020-12-11,-0.91,-1.14,-0.77,-1.11,-1.34,-0.01
2020-12-14,2.2,2.26,1.55,2.49,2.35,0.44
2020-12-15,0.58,0.24,1.26,-0.21,0.58,1.44
2020-12-16,-0.27,-0.28,-0.38,-0.68,-0.61,0.72
2020-12-17,2.04,2.38,1.51,2.19,2.46,0.5
2020-12-18,1.63,2.35,0.85,2.32,2.32,-0.35
2020-12-21,-2.05,-2.68,-1.18,-2.77,-2.73,0.24
2020-12-22,-0.21,-0.46,0.12,-1.06,-0.4,0.61
2020-12-23,-0.32,0.05,-0.51,-0.08,-0.04,-0.5
2020-12-24,1.01,1.32,0.82,1.04,1.26,0.61
2020-12-28,1.36,1.37,1.55,0.91,1.36,2.31
2020-12-29,0.02,-0.08,-0.29,0.13,-0.12,-0.41
2020-12-30,1.32,1.46,0.78,1.71,1.58,-0.49
2020-12-31,0.31,0.71,0.11,0.66,0.59,-0.04
2021-01-04,0.39,0.65,-0.16,1.05,0.75,-1.5
2021-01-05,1.05,0.77,1.15,1.03,0.94,0.81
2021-01-06,-1.08,0.03,-2.04,-0.62,-0.49,-1.96
2021-01-07,5.19,5.4,4.9,5.66,5.64,3.27
2021-01-08,3.44,4.29,2.39,3.77,4.05,1.51
2021-01-11,-3.87,-4.99,-2.99,-4.21,-4.76,-2.53
2021-01-12,1.56,1.99,0.72,1.62,1.88,-0.03
2021-01-13,0.78,0.72,0.78,0.52,0.71,0.99
2021-01-14,-1.46,-1.31,-1.64,-1.51,-1.47,-1.35
2021-01-15,-1.59,-1.37,-1.39,-1.44,-1.44,-0.86
2021-01-19,1.7,2.03,1.72,2.23,1.99,1.55
2021-01-20,2.29,2.14,2.45,2.08,1.88,3.6
2021-01-21,1.15,0.45,1.82,0.77,0.94,1.41
2021-01-22,0.18,0.36,0.35,-0.01,0.37,0.58
2021-01-25,2.21,2.67,2.02,2.06,2.72,1.59
2021-01-26,0.18,0.49,0.08,0.18,0.28,0.66
2021-01-27,-2.23,-2.02,-2.2,-2.81,-2.11,-1.8
2021-01-28,-1.63,-1.74,-1.69,-1.43,-2.25,-0.51
2021-01-29,-3.24,-3.75,-3.08,-3.16,-3.77,-2.75
2021-02-01,3.89,4.3,3.11,4.07,3.93,3.23
2021-02-02,2.35,2.43,2.05,2.79,2.58,1.1
2021-02-03,-0.84,-0.45,-0.44,-0.26,-0.96,0.86
2021-02-04,0.33,-0.03,0.67,-0.11,0.22,0.58
2021-02-05,0.15,0.32,0.04,0.32,0.15,0.38
2021-02-08,1.41,0.78,1.63,1.73,1.24,0.15
2021-02-09,-0.96,-0.86,-0.78,-0.95,-0.91,-0.4
2021-02-10,-1.67,-2.56,-0.74,-1.62,-2.24,-0.64
2021-02-11,0.82,0.54,0.91,1.04,0.74,0.16
2021-02-12,-0.0,0.32,-0.2,-0.09,0.11,0.25
2021-02-16,-0.77,-1.23,-0.38,-0.36,-1.06,-0.6
2021-02-17,-0.49,-0.03,-0.98,-0.42,-0.47,-0.18
2021-02-18,-0.78,-0.91,-0.88,-0.95,-1.05,-0.46
2021-02-19,-0.69,-0.9,-0.49,-0.79,-0.74,-0.88
2021-02-22,-5.02,-5.35,-4.29,-5.16,-5.41,-3.05
2021-02-23,-1.0,-0.99,-0.74,-1.0,-1.0,-0.23
2021-02-24,2.62,3.01,2.04,3.26,3.06,0.7
2021-02-25,-5.95,-5.62,-5.67,-6.44,-6.11,-3.67
2021-02-26,0.53,0.08,0.79,0.55,0.22,0.67
2021-03-01,3.95,4.41,3.78,3.72,4.56,3.26
2021-03-02,-2.96,-2.91,-2.77,-3.07,-3.2,-1.73
2021-03-03,-3.72,-3.61,-3.42,-3.81,-3.68,-2.81
2021-03-04,-2.67,-2.46,-2.27,-2.6,-2.78,-0.93
2021-03-05,-0.5,-0.64,0.2,-0.51,-0.78,1.27
2021-03-08,-4.66,-4.36,-4.82,-5.07,-4.85,-3.35
2021-03-09,9.77,10.27,8.17,10.62,10.92,4.49
2021-03-10,-0.6,-0.61,-0.62,-0.5,-0.67,-0.48
2021-03-11,3.42,3.46,3.27,3.92,3.63,2.4
2021-03-12,-0.97,-1.04,-1.06,-1.24,-1.02,-1.11
2021-03-15,1.62,1.4,1.91,1.69,1.87,0.85
2021-03-16,-1.04,-1.41,-0.22,-1.24,-1.34,0.59
2021-03-17,1.53,1.76,1.0,1.89,1.79,0.34
2021-03-18,-4.76,-4.78,-4.29,-4.84,-4.88,-3.39
2021-03-19,0.58,0.49,0.66,0.98,0.7,0.3
2021-03-22,2.14,1.99,2.24,1.84,2.21,1.77
2021-03-23,-0.54,-0.48,-0.66,-0.65,-0.79,0.1
2021-03-24,-3.06,-3.01,-2.88,-3.28,-3.37,-1.65
2021-03-25,0.15,0.33,0.02,0.17,0.38,-0.35
2021-03-26,-0.5,-1.0,0.16,-0.63,-0.79,0.32
2021-03-29,-0.02,-0.21,0.3,0.23,-0.03,0.22
2021-03-30,0.81,1.19,0.2,1.2,1.13,-0.5
2021-03-31,3.21,3.2,2.99,3.43,3.48,1.82
2021-04-01,1.11,0.81,1.36,1.25,0.67,1.9
2021-04-05,3.05,3.55,2.85,3.35,3.37,2.94
2021-04-06,-0.19,-0.12,-0.27,-0.32,-0.19,-0.11
2021-04-07,-0.08,-0.6,0.51,-0.21,-0.43,0.89
2021-04-08,1.42,1.44,1.38,1.23,1.46,1.26
2021-04-09,0.47,0.21,0.59,-0.02,0.12,1.24
2021-04-12,2.01,1.5,1.67,2.5,1.93,-0.14
2021-04-13,4.15,4.43,3.43,4.25,4.61,1.9
2021-04-14,-2.65,-2.62,-2.43,-2.74,-2.83,-1.64
2021-04-15,2.11,1.47,2.46,2.25,1.82,1.72
2021-04-16,-0.17,0.05,-0.38,-0.29,-0.18,0.11
2021-04-19,-2.01,-1.86,-1.73,-2.41,-2.09,-0.57
2021-04-20,-0.37,-0.05,-0.53,-0.13,-0.14,-0.61
2021-04-21,1.69,1.82,1.25,1.75,1.79,0.75
2021-04-22,-2.41,-2.29,-2.26,-2.61,-2.45,-1.51
2021-04-23,1.7,1.56,1.87,1.79,1.66,1.65
2021-04-26,1.04,0.87,0.84,1.06,0.89,0.69
2021-04-27,-1.78,-2.14,-1.31,-2.09,-2.13,-0.57
2021-04-28,-0.63,-0.73,-0.57,-0.26,-0.83,-0.14
2021-04-29,-0.4,-0.45,0.35,0.32,-0.11,0.26
2021-04-30,0.88,1.57,-0.03,1.06,1.28,-0.31
2021-05-03,-1.68,-1.77,-1.06,-1.95,-1.67,-0.67
2021-05-04,-2.29,-1.94,-2.49,-2.0,-2.14,-2.27
2021-05-05,-0.22,-0.35,-0.06,-0.21,-0.25,-0.29
2021-05-06,0.28,0.2,0.56,0.16,0.19,1.0
2021-05-07,0.97,0.92,0.99,1.07,0.98,0.64
2021-05-10,-4.2,-4.33,-3.85,-4.53,-4.53,-2.88
2021-05-11,-0.68,-1.02,-0.62,-0.81,-0.93,-0.56
2021-05-12,-3.36,-3.38,-3.15,-3.45,-3.35,-2.83
2021-05-13,-0.56,-0.59,-0.03,-0.93,-0.7,0.91
2021-05-14,2.89,2.73,2.97,3.22,2.98,2.28
2021-05-17,-0.88,-1.13,-0.91,-0.92,-1.23,-0.44
2021-05-18,-0.69,-0.56,-0.87,-0.66,-0.65,-0.91
2021-05-19,-0.66,-0.85,-0.29,-0.61,-0.78,-0.07
2021-05-20,2.78,2.71,2.78,3.05,2.96,1.84
2021-05-21,-0.35,-0.78,-0.17,-0.03,-0.54,-0.85
2021-05-24,3.09,3.11,2.98,3.55,3.24,2.18
2021-05-25,0.07,0.05,0.12,0.15,0.07,0.15
2021-05-26,0.89,1.09,0.62,1.09,1.01,0.4
2021-05-27,-0.04,0.34,-0.24,0.31,0.46,-0.82
2021-05-28,0.52,-0.28,0.76,0.7,0.01,-0.02
2021-06-01,-0.13,-0.18,-0.1,0.03,-0.16,-0.15
2021-06-02,-0.21,-1.06,0.32,-0.34,-0.7,0.0
2021-06-03,-1.96,-2.62,-1.33,-1.93,-2.41,-1.23
2021-06-04,2.92,2.94,2.8,3.14,3.09,1.99
2021-06-07,0.58,0.84,0.62,0.83,0.84,0.52
2021-06-08,0.01,-0.02,-0.2,-0.3,-0.24,0.44
2021-06-09,-0.26,-0.25,-0.29,-0.48,-0.43,0.23
2021-06-10,1.03,1.26,0.6,1.2,0.95,0.9
2021-06-11,0.61,0.17,0.81,0.5,0.45,0.28
2021-06-14,1.33,1.25,1.47,1.14,1.44,1.26
2021-06-15,-1.37,-1.46,-1.16,-1.44,-1.53,-0.62
2021-06-16,0.35,0.24,0.08,0.08,0.16,0.12
2021-06-17,2.33,1.71,2.37,2.42,2.09,1.44
2021-06-18,-0.04,-0.03,-0.39,-0.07,-0.14,-0.52
2021-06-21,-0.09,0.25,0.16,-0.21,0.16,0.61
2021-06-22,1.29,0.95,1.47,1.31,1.2,1.08
2021-06-23,1.77,2.08,1.25,2.05,2.18,0.25
2021-06-24,1.19,1.6,1.02,1.62,1.65,0.28
2021-06-25,-0.87,-0.81,-0.7,-0.86,-0.8,-0.6
2021-06-28,2.57,2.04,2.82,2.93,2.69,1.28
2021-06-29,-0.14,-0.32,0.02,-0.54,-0.32,0.3
2021-06-30,-0.14,-0.22,-0.14,-0.35,-0.21,-0.13
2021-07-01,0.32,0.25,0.58,0.58,0.41,0.33
2021-07-02,1.2,1.08,1.22,0.9,0.9,1.84
2021-07-06,0.12,-0.62,0.15,-0.48,-0.7,1.07
2021-07-07,-0.66,-0.62,-0.44,-1.21,-0.8,0.56
2021-07-08,-0.36,-0.02,-0.89,-0.51,-0.33,-0.47
2021-07-09,0.63,0.6,0.84,0.66,0.81,0.5
2021-07-12,1.84,1.91,1.51,2.35,2.08,0.41
2021-07-13,-0.96,-0.82,-0.6,-1.21,-0.97,0.17
2021-07-14,-0.73,-0.61,-0.45,-1.37,-0.85,0.69
2021-07-15,-1.47,-0.75,-1.62,-1.66,-1.12,-0.78
2021-07-16,-1.67,-0.9,-1.82,-1.62,-1.41,-0.78
2021-07-19,-0.01,-0.67,-0.14,0.42,-0.29,-1.47
2021-07-20,1.21,1.63,1.19,1.02,1.54,1.46
2021-07-21,0.81,0.2,1.13,1.25,0.5,0.44
2021-07-22,0.51,0.36,0.69,0.37,0.36,1.0
2021-07-23,0.5,0.85,1.0,0.97,0.84,1.47
2021-07-26,0.65,1.08,0.3,0.73,0.84,0.62
2021-07-27,-1.43,-1.59,-1.26,-1.41,-1.45,-1.53
2021-07-28,0.3,0.12,0.32,0.69,0.33,-0.29
2021-07-29,1.37,1.57,0.75,1.2,1.39,0.29
2021-07-30,-0.72,-0.14,-0.21,-0.28,0.22,-1.38
2021-08-02,1.26,1.34,0.85,1.42,1.29,0.33
2021-08-03,0.46,0.37,0.48,0.18,0.34,0.73
2021-08-04,0.55,0.23,0.8,0.92,0.62,-0.07
2021-08-05,0.83,0.69,0.88,1.0,0.77,0.64
2021-08-06,-1.15,-1.05,-0.92,-1.14,-1.14,-0.45
2021-08-09,0.55,0.81,0.27,0.65,0.69,0.17
2021-08-10,-0.74,-0.49,-0.75,-0.73,-0.61,-0.42
2021-08-11,-0.44,-0.24,-0.4,-0.54,-0.31,-0.16
2021-08-12,1.41,1.45,1.43,1.26,1.56,1.16
2021-08-13,0.17,-0.03,0.37,0.18,0.06,0.25
2021-08-16,-1.3,-1.45,-0.69,-1.65,-1.46,0.26
2021-08-17,-1.98,-1.88,-1.81,-2.28,-2.05,-1.14
2021-08-18,-0.07,0.66,-0.75,0.36,0.35,-0.96
2021-08-19,0.32,-0.35,0.82,0.34,-0.11,0.53
2021-08-20,2.02,1.48,2.29,2.22,1.79,1.48
2021-08-23,2.98,2.35,2.82,3.36,2.75,1.47
2021-08-24,0.06,0.18,-0.09,0.12,0.06,0.19
2021-08-25,0.46,0.21,0.51,0.82,0.4,-0.1
2021-08-26,-0.8,-0.97,-0.83,-0.94,-1.01,-0.6
2021-08-27,1.52,1.31,1.61,1.86,1.53,1.02
2021-08-30,1.83,2.04,1.75,1.52,2.07,1.8
2021-08-31,-0.15,0.05,-0.51,-0.17,-0.18,-0.17
2021-09-01,0.13,0.07,0.23,0.13,0.14,0.21
2021-09-02,-0.22,-0.35,-0.21,-0.57,-0.3,-0.24
2021-09-03,0.66,0.3,0.77,0.72,0.5,0.34
2021-09-07,1.05,1.4,0.87,1.0,1.4,0.78
2021-09-08,-0.48,-0.26,-0.78,-0.56,-0.52,-0.37
2021-09-09,-0.43,-0.28,-0.43,-0.23,-0.26,-0.59
2021-09-10,-1.19,-1.69,-1.08,-0.82,-1.46,-1.65
2021-09-13,0.04,0.49,-0.11,-0.0,0.2,0.4
2021-09-14,0.07,0.14,-0.0,0.22,0.06,-0.02
2021-09-15,0.95,1.15,0.73,0.86,0.89,1.07
2021-09-16,-0.07,-0.02,-0.18,-0.16,-0.07,-0.09
2021-09-17,-0.97,-0.9,-1.33,-1.01,-0.95,-1.53
2021-09-20,-3.1,-2.92,-2.92,-3.17,-3.08,-2.31
2021-09-21,0.63,0.7,0.61,0.75,0.76,0.31
2021-09-22,1.63,1.15,1.42,1.21,1.1,1.25
2021-09-23,0.95,0.54,1.08,1.01,0.75,0.66
2021-09-24,0.64,1.29,0.31,0.84,1.13,0.37
2021-09-27,-0.11,0.32,-0.5,0.08,0.28,-0.83
2021-09-28,-2.89,-2.67,-3.14,-3.12,-2.74,-3.07
2021-09-29,-0.04,0.09,-0.08,-0.26,0.12,-0.12
2021-09-30,-0.35,-0.65,-0.25,-0.22,-0.45,-0.72
2021-10-01,0.52,0.84,0.67,0.61,0.57,1.37
2021-10-04,-1.96,-1.21,-2.61,-2.1,-1.68,-2.17
2021-10-05,1.41,0.99,1.8,1.54,1.2,1.54
2021-10-06,0.77,0.68,0.76,0.7,0.6,0.96
2021-10-07,1.2,1.02,1.04,1.11,0.96,0.99
2021-10-08,-0.65,-0.47,-0.56,-0.6,-0.61,-0.11
2021-10-11,-0.13,0.03,-0.25,-0.21,0.01,-0.42
2021-10-12,0.3,0.38,-0.04,0.34,0.43,-0.54
2021-10-13,0.73,0.68,0.6,0.85,0.58,0.64
2021-10-14,1.87,1.55,2.21,1.99,1.71,1.91
2021-10-15,1.61,1.64,1.0,1.35,1.46,1.05
2021-10-18,2.05,2.19,1.95,2.3,2.36,1.31
2021-10-19,0.15,0.07,0.47,0.07,0.2,0.55
2021-10-20,-0.22,-0.1,-0.18,-0.3,-0.02,-0.32
2021-10-21,1.94,1.87,1.68,2.14,2.0,0.83
2021-10-22,-0.1,-0.11,-0.42,-0.36,-0.03,-1.22
2021-10-25,5.07,6.03,3.68,5.81,6.16,1.17
2021-10-26,1.33,0.04,1.54,1.19,0.37,0.71
2021-10-27,1.02,1.95,0.59,1.21,1.08,2.17
2021-10-28,2.46,2.4,2.27,2.35,2.68,1.36
2021-10-29,1.8,2.17,1.62,2.58,2.18,0.64
2021-11-01,3.3,3.93,2.38,3.75,4.3,-0.14
2021-11-02,-0.59,-1.17,0.03,-0.67,-1.08,0.45
2021-11-03,2.02,2.23,1.58,2.05,2.2,1.16
2021-11-04,3.54,1.62,4.04,4.12,2.59,1.35
2021-11-05,-0.1,-0.16,0.0,-0.11,-0.14,0.24
2021-11-08,-1.27,-2.43,-0.38,-1.22,-2.0,-0.59
2021-11-09,-4.64,-6.11,-3.29,-5.28,-5.98,-1.1
2021-11-10,-0.21,0.98,-1.1,-0.08,0.58,-1.35
2021-11-11,0.65,0.04,0.95,0.79,0.37,0.19
2021-11-12,-0.42,-0.56,0.14,-0.43,-0.55,1.07
2021-11-15,-0.92,-0.9,-0.7,-0.95,-0.91,-0.21
2021-11-16,1.72,2.09,1.24,1.67,1.99,0.76
2021-11-17,0.62,1.55,0.06,0.32,1.15,0.63
2021-11-18,3.07,1.4,3.47,2.91,2.13,2.01
2021-11-19,2.69,2.33,2.78,2.91,2.9,0.98
2021-11-22,-0.56,0.19,-0.86,-0.71,0.04,-0.91
2021-11-23,-1.8,-2.26,-1.35,-2.08,-2.21,-0.62
2021-11-24,1.07,0.58,1.28,1.26,0.96,0.31
2021-11-26,-3.04,-2.88,-3.12,-3.05,-3.02,-2.74
2021-11-29,4.17,3.77,4.08,4.46,4.12,2.58
2021-11-30,-0.41,-0.26,-0.49,-1.15,-0.2,-0.47
2021-12-01,-3.0,-2.82,-2.8,-3.5,-3.2,-1.2
2021-12-02,0.16,-0.31,0.41,0.44,-0.14,0.07
2021-12-03,-4.04,-4.05,-3.59,-4.36,-4.25,-2.03
2021-12-06,-0.15,0.31,0.04,-0.39,0.15,1.04
2021-12-07,4.7,3.78,4.87,4.87,4.33,3.33
2021-12-08,0.51,1.1,0.47,0.33,1.01,0.82
2021-12-09,-3.5,-3.39,-2.96,-3.89,-3.63,-1.23
2021-12-10,0.77,1.32,0.85,0.36,1.12,1.47
2021-12-13,-3.98,-3.2,-3.8,-4.15,-3.68,-1.96
2021-12-14,-0.62,-1.12,-0.52,-0.47,-0.74,-1.37
2021-12-15,3.46,2.31,3.88,3.6,3.0,2.42
2021-12-16,-4.67,-4.03,-4.72,-4.7,-4.54,-3.25
2021-12-17,-0.45,-0.1,-0.79,-0.6,-0.3,-0.5
2021-12-20,-1.77,-2.16,-1.41,-1.86,-2.1,-1.18
2021-12-21,3.51,3.19,3.43,3.76,3.53,2.24
2021-12-22,3.31,4.09,2.5,3.43,3.77,1.99
2021-12-23,2.41,2.96,1.83,2.73,2.95,0.85
2021-12-27,2.6,2.28,2.96,2.83,2.77,1.71
2021-12-28,-0.8,-0.55,-0.95,-0.94,-0.71,-0.52
2021-12-29,-0.42,-0.21,-0.44,-0.51,-0.34,-0.12
2021-12-30,-1.06,-1.0,-0.97,-1.06,-1.04,-0.67
2021-12-31,-0.95,-1.09,-0.89,-1.11,-1.07,-0.83
2022-01-03,6.11,7.0,4.61,6.41,7.03,2.35
2022-01-04,-2.78,-2.8,-2.42,-2.85,-2.86,-1.64
2022-01-05,-4.58,-4.55,-4.53,-5.06,-4.66,-3.68
2022-01-06,-0.61,-1.17,-0.18,-0.15,-0.8,-0.84
2022-01-07,-2.18,-1.97,-1.89,-2.53,-2.19,-0.6
2022-01-10,1.23,1.53,0.86,1.43,1.4,0.47
2022-01-11,1.16,0.9,1.26,1.08,1.05,1.18
2022-01-12,1.79,2.24,1.32,1.99,2.05,0.96
2022-01-13,-4.74,-4.85,-4.25,-5.01,-4.89,-3.14
2022-01-14,1.32,1.41,1.26,1.45,1.43,0.99
2022-01-18,-2.48,-2.23,-2.72,-2.75,-2.44,-2.27
2022-01-19,-2.47,-2.12,-2.28,-2.4,-2.39,-1.29
2022-01-20,-1.36,-0.69,-1.54,-1.39,-0.9,-1.25
2022-01-21,-3.83,-3.9,-3.25,-4.13,-3.85,-2.77
2022-01-24,-0.44,-0.57,-0.29,-0.37,-0.55,-0.02
2022-01-25,-2.36,-1.93,-2.48,-2.61,-2.04,-2.25
2022-01-26,1.4,1.58,1.2,1.58,1.33,1.22
2022-01-27,-5.12,-5.63,-3.86,-5.86,-5.87,-1.07
2022-01-28,3.54,3.08,4.06,2.89,3.41,4.08
2022-01-31,6.44,6.21,5.64,7.09,6.74,3.06
2022-02-01,0.09,-0.06,0.21,0.32,-0.0,0.25
2022-02-02,0.16,-0.03,0.84,0.68,-0.26,1.87
2022-02-03,-4.2,-4.13,-5.17,-5.83,-5.09,-3.96
2022-02-04,2.84,2.55,1.54,2.42,2.06,2.25
2022-02-07,-0.72,-1.57,-0.65,-1.11,-1.25,-1.27
2022-02-08,1.48,1.29,1.32,1.12,1.29,1.3
2022-02-09,2.4,1.67,2.95,3.05,2.29,1.48
2022-02-10,-2.71,-2.65,-2.75,-2.78,-2.75,-2.36
2022-02-11,-4.6,-3.99,-4.52,-5.15,-4.41,-3.05
2022-02-14,1.11,1.04,0.86,1.23,1.03,0.57
2022-02-15,4.75,3.74,4.88,5.27,4.61,2.24
2022-02-16,0.09,0.06,-0.07,0.03,-0.1,0.2
2022-02-17,-4.72,-4.2,-4.77,-5.41,-4.64,-3.18
2022-02-18,-2.06,-1.73,-2.04,-2.3,-1.94,-1.29
2022-02-22,-2.25,-2.47,-1.94,-2.34,-2.57,-1.34
2022-02-23,-4.54,-4.59,-4.0,-4.7,-4.74,-2.91
2022-02-24,4.54,4.4,4.31,5.07,4.38,3.8
2022-02-25,1.35,1.21,1.38,1.37,1.28,1.27
2022-02-28,2.85,3.55,2.04,3.31,3.51,0.89
2022-03-01,-1.69,-1.15,-1.96,-1.86,-1.54,-1.2
2022-03-02,2.0,1.71,2.21,2.02,2.04,1.5
2022-03-03,-2.62,-2.79,-2.07,-2.92,-2.81,-1.34
2022-03-04,-1.55,-1.1,-1.86,-1.51,-1.28,-1.7
2022-03-07,-4.62,-4.11,-4.59,-5.11,-4.33,-3.87
2022-03-08,0.75,0.93,0.5,1.35,1.03,-0.33
2022-03-09,4.64,4.34,4.88,5.09,4.54,4.18
2022-03-10,-1.4,-1.65,-1.89,-1.58,-2.04,-0.89
2022-03-11,-3.22,-3.51,-3.04,-3.48,-3.68,-2.22
2022-03-14,-3.03,-2.86,-2.9,-3.1,-2.96,-2.44
2022-03-15,4.78,4.08,4.8,5.02,4.53,3.48
2022-03-16,4.6,4.09,4.65,5.06,4.56,3.32
2022-03-17,2.03,2.19,1.58,2.19,2.2,1.14
2022-03-18,3.92,3.18,4.05,4.34,3.8,2.35
2022-03-21,0.92,0.8,0.77,0.82,0.91,0.28
2022-03-22,3.46,4.72,2.56,3.67,4.27,2.56
2022-03-23,-0.78,-0.28,-0.98,-1.14,-0.43,-0.6
2022-03-24,3.49,2.05,4.27,4.03,3.03,1.99
2022-03-25,-0.39,-0.14,-0.44,-0.53,-0.29,0.1
2022-03-28,3.96,4.63,2.95,4.27,4.46,1.96
2022-03-29,1.16,1.09,1.44,1.15,1.25,1.27
2022-03-30,-1.33,-0.73,-1.47,-1.42,-1.03,-0.81
2022-03-31,-1.64,-1.68,-1.66,-1.65,-1.64,-1.83
2022-04-01,-0.15,0.39,-0.38,-0.14,0.08,0.23
2022-04-04,3.68,4.0,3.28,3.9,4.03,2.62
2022-04-05,-3.76,-3.41,-3.54,-4.03,-3.7,-2.24
2022-04-06,-4.01,-3.71,-3.94,-4.39,-3.91,-3.05
2022-04-07,0.25,0.55,0.1,0.21,0.47,0.1
2022-04-08,-2.73,-2.37,-2.61,-2.96,-2.55,-1.79
2022-04-11,-4.13,-4.08,-4.02,-4.43,-4.18,-3.29
2022-04-12,0.04,0.29,-0.13,-0.27,0.29,-0.14
2022-04-13,2.86,2.75,2.55,2.91,2.77,2.11
2022-04-14,-3.41,-3.23,-3.4,-3.46,-3.4,-2.83
2022-04-18,1.38,1.22,1.22,1.67,1.35,0.51
2022-04-19,2.17,2.18,1.99,2.27,2.14,2.0
2022-04-20,-3.16,-3.23,-2.82,-4.0,-3.54,-1.38
2022-04-21,-0.81,0.36,-1.61,-1.09,-0.02,-1.52
2022-04-22,-1.9,-1.61,-2.26,-1.87,-1.59,-2.71
2022-04-25,0.66,0.54,0.93,0.77,0.4,1.51
2022-04-26,-7.61,-8.14,-6.5,-8.15,-8.23,-4.68
2022-04-27,-0.13,0.41,-0.43,-0.75,0.05,0.22
2022-04-28,3.23,2.21,4.48,3.66,3.11,3.59
2022-04-29,-4.03,-2.88,-3.75,-3.35,-2.71,-4.85
2022-05-02,3.02,2.89,3.02,3.84,3.19,1.69
2022-05-03,0.46,0.42,0.52,0.49,0.53,0.27
2022-05-04,4.0,4.15,4.11,4.23,4.34,3.52
2022-05-05,-7.08,-6.89,-6.72,-7.28,-7.13,-5.69
2022-05-06,-0.74,-0.8,-0.62,-1.01,-0.74,-0.58
2022-05-09,-6.92,-6.45,-6.35,-7.43,-6.91,-4.17
2022-05-10,1.93,1.63,2.1,2.04,1.84,1.52
2022-05-11,-5.87,-5.79,-5.55,-5.81,-6.29,-3.88
2022-05-12,-1.4,-1.15,-1.76,-1.11,-1.36,-1.45
2022-05-13,5.52,4.58,5.38,5.92,5.16,3.6
2022-05-16,-3.11,-3.21,-2.43,-3.4,-3.26,-1.42
2022-05-17,4.06,3.68,3.72,4.15,3.92,2.7
2022-05-18,-6.23,-5.88,-6.02,-6.13,-6.15,-5.26
2022-05-19,-0.32,-0.53,-0.55,0.0,-0.47,-1.09
2022-05-20,-2.9,-3.19,-2.16,-3.47,-3.2,-0.9
2022-05-23,2.0,2.19,2.31,1.62,2.18,2.65
2022-05-24,-4.52,-4.67,-4.18,-5.57,-4.92,-2.92
2022-05-25,3.14,2.74,2.67,3.62,3.08,1.16
2022-05-26,4.82,4.69,4.3,5.36,5.03,2.78
2022-05-27,5.31,5.28,4.92,5.53,5.4,4.0
2022-05-31,0.01,-0.02,-0.37,-0.1,-0.33,0.34
2022-06-01,-1.24,-1.22,-1.23,-1.67,-1.53,-0.14
2022-06-02,4.11,3.52,4.07,4.88,4.05,2.41
2022-06-03,-5.58,-5.84,-5.04,-5.99,-6.15,-3.43
2022-06-06,1.01,1.12,0.83,1.23,1.05,0.87
2022-06-07,0.59,0.61,0.9,0.43,0.75,0.8
2022-06-08,-0.15,0.25,-0.31,0.05,0.19,-0.44
2022-06-09,-2.46,-2.06,-2.85,-2.33,-2.39,-2.73
2022-06-10,-4.22,-3.73,-4.34,-4.16,-3.93,-4.05
2022-06-13,-6.13,-5.8,-5.92,-6.61,-6.14,-4.62
2022-06-14,1.22,1.36,1.12,1.36,1.43,0.6
2022-06-15,4.21,4.17,3.73,4.51,4.17,3.21
2022-06-16,-5.87,-5.92,-5.42,-6.29,-6.24,-3.98
2022-06-17,1.61,1.51,1.51,1.65,1.55,1.36
2022-06-21,5.35,5.65,4.45,5.51,5.51,3.54
2022-06-22,-0.49,-0.35,-0.59,-0.56,-0.51,-0.23
2022-06-23,0.58,0.69,0.65,0.04,0.49,1.63
2022-06-24,4.3,4.24,4.3,4.99,4.35,3.74
2022-06-27,-0.85,-0.7,-0.72,-0.94,-0.56,-1.0
2022-06-28,-4.48,-4.29,-4.28,-4.77,-4.44,-3.65
2022-06-29,-0.71,-0.41,-0.52,-1.25,-0.65,0.63
2022-06-30,-1.96,-1.83,-1.96,-2.04,-1.84,-1.92
2022-07-01,0.24,0.87,-0.22,-0.46,0.41,1.01
2022-07-05,2.65,2.6,2.64,3.09,2.61,2.56
2022-07-06,0.44,0.33,0.66,0.37,0.31,0.93
2022-07-07,3.84,3.69,3.59,4.32,3.93,2.48
2022-07-08,0.94,1.21,0.68,1.09,1.19,0.36
2022-07-11,-4.23,-4.29,-3.72,-4.94,-4.48,-2.51
2022-07-12,-0.82,-1.15,-0.51,-0.86,-0.62,-1.46
2022-07-13,0.63,0.5,0.32,0.56,0.71,-0.38
2022-07-14,0.78,0.48,0.88,0.26,0.63,0.68
2022-07-15,1.45,1.17,1.58,1.59,1.35,1.33
2022-07-18,-0.04,-0.47,-0.16,0.34,-0.12,-1.27
2022-07-19,3.21,2.72,3.45,3.56,2.95,3.05
2022-07-20,2.05,1.27,2.22,2.12,1.73,1.39
2022-07-21,4.34,5.06,3.22,4.7,5.04,1.85
2022-07-22,-1.65,-1.42,-2.16,-2.45,-1.49,-2.22
2022-07-25,-1.19,-1.06,-1.16,-1.27,-1.21,-0.73
2022-07-26,-3.0,-3.05,-2.58,-3.33,-2.92,-2.51
2022-07-27,6.02,6.08,5.86,6.76,5.91,5.7
2022-07-28,1.39,1.58,0.94,1.22,1.21,1.29
2022-07-29,4.05,4.12,2.98,3.49,3.78,3.46
2022-08-01,0.12,-0.22,0.12,0.27,0.02,-0.52
2022-08-02,0.22,0.27,0.07,0.6,0.34,-0.47
2022-08-03,2.74,2.73,2.87,2.5,2.78,3.13
2022-08-04,0.71,0.45,0.61,0.79,0.5,0.42
2022-08-05,-3.09,-3.61,-2.27,-3.67,-3.63,-1.1
2022-08-08,-1.15,-0.06,-1.52,-1.26,-0.5,-0.54
2022-08-09,-1.79,-1.37,-1.65,-2.26,-1.71,-0.42
2022-08-10,3.87,3.49,3.92,4.26,3.84,2.95
2022-08-11,-1.49,-1.64,-1.16,-1.64,-1.59,-0.91
2022-08-12,3.48,3.38,3.26,3.8,3.56,2.36
2022-08-15,1.68,1.77,1.47,1.92,1.9,0.68
2022-08-16,-0.48,-0.54,-0.52,-0.69,-0.63,-0.14
2022-08-17,-1.05,-0.8,-0.97,-1.59,-0.86,-0.56
2022-08-18,0.26,-0.14,0.41,0.45,0.04,-0.04
2022-08-19,-2.57,-2.1,-2.67,-2.91,-2.38,-1.96
2022-08-22,-2.91,-2.59,-2.97,-3.0,-2.69,-2.73
2022-08-23,0.96,0.99,0.62,1.15,1.04,0.04
2022-08-24,0.18,0.15,0.22,0.23,0.23,0.05
2022-08-25,1.38,0.82,1.75,1.51,1.02,1.65
2022-08-26,-4.56,-3.68,-4.96,-4.89,-4.02,-4.28
2022-08-29,-1.44,-1.19,-1.6,-1.51,-1.4,-1.15
2022-08-30,-1.85,-1.78,-1.78,-1.91,-1.96,-1.18
2022-08-31,-1.05,-0.7,-0.98,-0.84,-0.72,-0.87
2022-09-01,-0.9,0.21,-1.32,-1.2,-0.4,0.26
2022-09-02,-1.93,-2.05,-1.95,-2.22,-2.15,-1.52
2022-09-06,-0.01,0.24,-0.35,0.14,0.25,-0.76
2022-09-07,2.42,2.61,2.02,2.72,2.43,2.0
2022-09-08,0.98,0.91,0.71,1.36,1.07,-0.15
2022-09-09,2.93,3.0,2.78,3.2,3.07,2.36
2022-09-12,1.75,1.56,1.86,1.1,1.73,1.86
2022-09-13,-5.83,-5.16,-6.3,-5.97,-5.51,-5.86
2022-09-14,1.83,2.07,1.32,1.89,2.02,0.95
2022-09-15,-0.89,-0.78,-1.17,-0.63,-0.69,-1.8
2022-09-16,-0.21,-0.37,-0.13,0.07,-0.26,-0.7
2022-09-19,1.59,1.44,1.67,1.4,1.7,1.16
2022-09-20,-0.36,-0.33,-0.15,-0.79,-0.12,-0.37
2022-09-21,-1.9,-2.19,-1.64,-1.8,-2.05,-1.96
2022-09-22,-2.7,-2.27,-2.39,-3.11,-2.71,-0.6
2022-09-23,-2.78,-3.12,-2.19,-2.93,-3.02,-1.92
2022-09-26,-0.21,-0.02,-0.5,-0.55,-0.25,0.03
2022-09-27,1.27,1.23,1.07,1.37,1.44,0.18
2022-09-28,1.57,1.65,1.25,2.31,1.47,1.22
2022-09-29,-5.01,-5.03,-4.8,-5.11,-5.39,-3.58
2022-09-30,-1.51,-1.55,-1.68,-1.15,-1.5,-2.1
2022-10-03,-1.96,-2.98,-0.34,-2.95,-3.03,1.86
2022-10-04,3.38,3.05,3.28,3.41,3.04,3.18
2022-10-05,-1.31,-1.68,-0.84,-1.68,-1.67,-0.29
2022-10-06,-0.79,-0.83,-0.71,-0.73,-0.83,-0.63
2022-10-07,-5.63,-5.29,-5.42,-5.9,-5.57,-4.31
2022-10-10,-0.84,-0.58,-0.9,-1.03,-0.56,-0.8
2022-10-11,-1.84,-2.09,-1.65,-2.05,-2.13,-1.34
2022-10-12,-0.01,0.12,-0.22,0.01,-0.04,0.02
2022-10-13,2.53,2.43,2.97,2.41,2.68,2.52
2022-10-14,-5.4,-5.21,-4.82,-5.77,-5.47,-3.55
2022-10-17,5.46,5.41,4.89,5.96,5.47,4.18
2022-10-18,0.69,0.54,0.59,0.45,0.48,0.82
2022-10-19,0.22,0.12,0.25,0.31,0.38,-0.44
2022-10-20,-2.42,-3.16,-1.59,-2.9,-3.16,-0.65
2022-10-21,2.78,2.71,2.46,2.41,2.67,2.42
2022-10-24,0.24,0.12,0.62,-0.08,0.02,1.23
2022-10-25,3.63,3.53,3.59,4.39,4.01,2.04
2022-10-26,-2.23,-2.69,-2.6,-2.62,-1.75,-4.94
2022-10-27,-1.36,-1.85,-2.09,-1.67,-2.14,-2.6
2022-10-28,2.93,2.85,4.49,2.58,3.5,3.73
2022-10-31,-1.34,-1.19,-1.67,-1.52,-1.35,-1.53
2022-11-01,-1.02,-1.08,-0.84,-0.63,-0.54,-2.37
2022-11-02,-4.31,-4.65,-3.94,-4.4,-4.53,-3.96
2022-11-03,-1.2,-1.52,-1.53,-0.43,-1.18,-3.12
2022-11-04,0.25,-0.55,0.93,0.52,-0.58,1.47
2022-11-07,-1.14,-1.39,-0.21,-1.22,-1.47,0.87
2022-11-08,-0.52,-1.11,0.04,-0.67,-0.89,0.05
2022-11-09,-4.87,-4.52,-4.25,-4.89,-4.73,-3.06
2022-11-10,9.69,8.4,9.97,9.78,9.02,8.88
2022-11-11,2.77,2.47,2.58,2.89,2.5,2.37
2022-11-14,-1.5,-1.83,-1.11,-1.36,-1.54,-1.46
2022-11-15,1.59,1.5,1.66,1.99,1.63,1.25
2022-11-16,-2.65,-2.13,-2.47,-3.13,-2.68,-0.85
2022-11-17,-0.96,-0.92,-0.52,-1.48,-0.87,-0.12
2022-11-18,-0.92,-0.83,-0.71,-1.26,-0.85,-0.3
2022-11-21,-3.03,-3.51,-2.44,-3.35,-3.55,-1.75
2022-11-22,2.04,1.46,2.27,2.33,1.83,1.44
2022-11-23,3.48,3.82,2.73,4.26,3.87,1.51
2022-11-25,-0.95,-0.66,-1.2,-0.79,-0.87,-1.04
2022-11-28,-1.45,-1.19,-1.97,-1.3,-1.45,-1.8
2022-11-29,-1.28,-1.12,-1.33,-0.99,-1.22,-1.29
2022-11-30,6.77,6.7,6.7,7.46,6.89,5.79
2022-12-01,0.26,0.06,0.46,0.43,0.32,-0.06
2022-12-02,-0.45,-0.09,-0.43,-0.37,-0.14,-0.32
2022-12-05,-3.12,-3.54,-2.31,-3.42,-3.38,-1.82
2022-12-06,-2.55,-2.21,-2.83,-2.75,-2.5,-2.46
2022-12-07,-1.25,-1.82,-1.0,-1.36,-1.61,-1.16
2022-12-08,1.91,0.61,2.3,1.93,1.36,0.89
2022-12-09,0.47,0.91,0.11,0.7,0.94,-0.43
2022-12-12,-0.49,-1.54,0.45,-1.17,-1.37,1.2
2022-12-13,0.24,-0.48,0.91,0.35,-0.32,1.24
2022-12-14,-1.68,-1.4,-1.59,-1.68,-1.65,-0.91
2022-12-15,-2.77,-2.25,-3.4,-2.46,-2.46,-3.71
2022-12-16,-2.43,-2.52,-2.04,-2.44,-2.54,-1.46
2022-12-19,-1.51,-1.33,-1.63,-1.51,-1.36,-1.81
2022-12-20,-2.44,-2.88,-1.57,-2.91,-2.96,-0.27
2022-12-21,1.46,0.96,1.79,1.23,1.3,1.49
2022-12-22,-5.42,-5.04,-4.88,-6.14,-5.48,-3.05
2022-12-23,-0.45,-0.34,-0.44,-0.45,-0.65,0.36
2022-12-27,-5.45,-5.09,-4.62,-6.58,-5.64,-2.2
2022-12-28,-0.42,-0.09,-1.01,0.29,-0.18,-1.63
2022-12-29,4.46,4.66,4.03,4.96,4.81,3.16
2022-12-30,0.27,0.27,0.21,0.3,0.38,-0.07
2023-01-03,-4.16,-4.58,-3.45,-4.08,-5.08,-1.52
2023-01-04,1.6,0.81,1.55,2.15,1.94,-0.86
2023-01-05,-2.45,-2.39,-2.22,-2.68,-2.27,-2.11
2023-01-06,3.06,2.42,3.2,2.84,2.9,2.5
2023-01-09,3.12,2.66,2.67,3.76,3.01,1.17
2023-01-10,0.8,0.4,0.88,0.85,0.54,0.8
2023-01-11,2.52,2.97,1.94,2.25,2.34,3.0
2023-01-12,1.08,0.61,1.26,1.46,1.0,0.4
2023-01-13,0.96,0.33,1.05,0.84,0.5,0.95
2023-01-17,3.04,2.75,2.76,3.65,3.38,0.6
2023-01-18,-1.45,-1.48,-1.37,-1.65,-1.53,-1.04
2023-01-19,-1.41,-0.7,-1.22,-1.29,-1.01,-0.35
2023-01-20,4.41,4.14,4.19,5.22,4.1,3.65
2023-01-23,4.79,4.1,4.69,5.67,4.96,2.19
2023-01-24,0.1,-0.12,0.29,-0.19,0.24,-0.24
2023-01-25,-0.06,-0.36,-0.22,-0.24,-0.16,-0.69
2023-01-26,4.56,5.54,3.65,5.3,5.31,2.81
2023-01-27,4.49,4.99,3.48,5.21,5.1,1.94
2023-01-30,-4.37,-4.11,-4.16,-5.05,-4.48,-2.64
2023-01-31,2.37,2.59,1.98,2.62,2.42,1.85
2023-02-01,3.93,3.17,3.8,4.73,3.74,1.92
2023-02-02,4.77,5.29,5.1,5.83,5.39,5.3
2023-02-03,-1.15,-0.69,-0.61,-1.6,-0.16,-1.48
2023-02-06,0.16,0.38,-0.24,0.55,0.4,-1.0
2023-02-07,2.72,2.42,3.13,3.19,2.53,2.87
2023-02-08,-0.27,-0.49,-0.73,-0.58,-0.12,-2.18
2023-02-09,0.43,0.29,0.05,0.36,0.63,-1.33
2023-02-10,-2.99,-2.62,-2.66,-3.8,-3.04,-0.79
2023-02-13,1.19,0.78,1.59,0.94,0.97,1.72
2023-02-14,3.69,3.39,3.05,4.6,3.8,0.74
2023-02-15,0.83,1.22,0.52,0.71,0.96,0.9
2023-02-16,-3.48,-3.66,-2.97,-3.89,-3.63,-2.22
2023-02-17,-0.19,0.58,-0.71,-0.08,0.37,-0.84
2023-02-21,-3.58,-3.62,-3.24,-3.7,-3.62,-2.73
2023-02-22,0.76,0.73,0.51,0.75,0.76,0.2
2023-02-23,4.04,1.31,4.76,5.0,2.94,0.93
2023-02-24,-2.04,-2.18,-1.87,-1.98,-2.04,-2.02
2023-02-27,2.16,2.63,1.61,2.38,2.5,1.01
2023-02-28,-0.6,-0.41,-0.52,-0.52,-0.46,-0.19
2023-03-01,-1.61,-1.3,-1.59,-1.5,-1.49,-1.19
2023-03-02,-0.74,-1.72,0.18,-0.8,-1.45,0.65
2023-03-03,3.04,3.08,3.1,3.06,3.33,2.67
2023-03-06,-0.64,-0.43,-0.25,-1.05,-0.58,0.72
2023-03-07,-1.7,-1.95,-1.52,-1.76,-1.88,-1.33
2023-03-08,0.42,-0.81,1.04,0.46,-0.17,0.31
2023-03-09,-2.92,-2.89,-2.62,-3.31,-3.03,-1.71
2023-03-10,-1.15,-0.84,-1.34,-1.12,-0.92,-1.41
2023-03-13,0.8,1.04,0.75,0.53,0.82,1.37
2023-03-14,3.85,3.78,3.74,4.66,4.05,2.62
2023-03-15,0.24,0.22,0.44,0.35,0.06,1.08
2023-03-16,3.5,3.07,3.58,3.95,3.12,3.37
2023-03-17,-0.52,-0.77,-0.41,-0.62,-0.99,0.1
2023-03-20,0.63,0.37,0.77,0.66,0.89,-0.26
2023-03-21,3.19,4.0,2.41,3.7,3.62,2.15
2023-03-22,-1.06,-1.75,-0.65,-1.05,-1.38,-1.11
2023-03-23,1.46,1.22,1.66,1.78,1.36,1.32
2023-03-24,-0.51,-0.14,-0.36,-0.8,-0.32,0.33
2023-03-27,-0.63,-0.64,-0.9,-0.69,-0.56,-1.35
2023-03-28,-0.79,-0.96,-0.68,-0.95,-0.85,-0.75
2023-03-29,2.19,2.09,2.1,2.1,2.19,1.85
2023-03-30,1.08,0.86,1.1,0.97,1.01,0.86
2023-03-31,2.85,3.48,2.36,3.17,3.25,2.04
2023-04-03,-1.44,-2.28,-0.57,-1.66,-1.91,-0.19
2023-04-04,-0.8,-0.5,-0.87,-0.95,-0.77,-0.09
2023-04-05,-2.18,-2.12,-1.87,-2.26,-2.22,-1.29
2023-04-06,0.75,1.09,0.85,0.98,0.72,1.69
2023-04-10,0.08,-0.59,0.05,0.37,-0.21,-0.98
2023-04-11,-0.7,-0.41,-0.83,-0.54,-0.37,-1.2
2023-04-12,-1.91,-1.63,-1.59,-2.15,-1.79,-0.77
2023-04-13,2.13,2.72,1.93,1.74,2.34,2.9
2023-04-14,0.12,-0.24,0.24,0.4,-0.03,-0.16
2023-04-17,0.51,0.31,0.37,0.3,0.47,-0.15
2023-04-18,0.4,-0.45,0.76,0.3,0.09,-0.05
2023-04-19,0.0,-0.55,0.18,-0.29,-0.4,0.29
2023-04-20,-3.66,-4.04,-2.85,-4.19,-4.18,-1.09
2023-04-21,0.34,0.38,-0.06,0.45,0.19,0.01
2023-04-24,-0.58,-0.76,-0.36,-0.56,-0.64,-0.34
2023-04-25,-2.05,-1.75,-2.0,-2.26,-1.79,-1.87
2023-04-26,0.71,0.33,1.05,0.44,0.08,2.01
2023-04-27,3.12,4.02,3.18,3.67,3.95,3.45
2023-04-28,1.15,1.15,1.33,1.47,1.5,0.3
2023-05-01,0.7,-0.43,1.29,1.22,0.47,-0.43
2023-05-02,-1.16,-0.83,-1.38,-1.59,-1.18,-0.57
2023-05-03,-0.61,-0.27,-0.78,-0.65,-0.54,-0.35
2023-05-04,-0.42,-0.2,-0.66,-0.48,-0.44,-0.4
2023-05-05,3.81,3.43,3.75,3.41,3.84,2.81
2023-05-08,0.8,0.54,0.78,1.18,0.68,0.3
2023-05-09,-1.22,-0.95,-1.28,-1.3,-1.21,-0.64
2023-05-10,1.05,1.06,1.0,1.03,0.68,1.88
2023-05-11,0.46,1.08,0.16,0.78,0.6,0.86
2023-05-12,-1.09,-1.06,-0.86,-1.04,-1.15,-0.46
2023-05-15,0.52,-0.11,0.71,0.74,0.32,-0.04
2023-05-16,0.66,0.65,0.56,0.84,0.41,0.95
2023-05-17,2.5,2.27,2.19,2.95,2.46,1.2
2023-05-18,2.74,1.89,2.84,3.07,2.37,1.74
2023-05-19,-0.15,0.39,-0.3,-0.18,0.2,-0.16
2023-05-22,1.1,2.0,0.66,1.61,1.58,0.67
2023-05-23,-1.48,-1.58,-1.53,-1.54,-1.52,-1.56
2023-05-24,-0.47,-0.68,-0.38,-0.7,-0.55,-0.29
2023-05-25,8.66,3.34,9.97,10.79,6.52,2.8
2023-05-26,2.9,2.98,2.54,3.03,3.0,2.09
2023-05-30,2.25,1.75,2.05,2.38,2.22,0.62
2023-05-31,-1.95,-0.31,-2.31,-2.35,-1.12,-0.76
2023-06-01,2.9,1.9,3.12,3.22,2.62,1.62
2023-06-02,0.6,1.38,0.19,0.49,0.9,0.75
2023-06-05,0.25,0.63,-0.06,0.41,0.31,0.18
2023-06-06,-0.03,0.49,-0.35,-0.01,0.15,0.08
2023-06-07,-1.64,-1.16,-1.85,-1.85,-1.11,-2.34
2023-06-08,2.63,2.42,2.3,2.64,2.64,1.31
2023-06-09,1.36,1.77,1.02,1.55,1.68,0.49
2023-06-12,1.91,1.89,1.82,1.93,1.93,1.67
2023-06-13,2.36,1.87,2.17,2.81,2.24,0.63
2023-06-14,1.63,0.35,2.06,1.94,1.12,0.56
2023-06-15,0.22,0.82,0.33,0.08,0.46,1.42
2023-06-16,0.15,0.14,-0.01,0.31,0.33,-0.85
2023-06-20,2.35,2.23,1.97,2.8,2.56,0.27
2023-06-21,-2.51,-3.02,-2.03,-2.83,-2.79,-1.54
2023-06-22,1.31,1.79,1.01,1.08,1.34,1.95
2023-06-23,-1.68,-1.69,-1.38,-1.8,-1.62,-0.93
2023-06-26,-3.58,-3.78,-3.23,-4.23,-3.8,-2.21
2023-06-27,2.68,2.54,2.58,2.87,2.82,1.6
2023-06-28,0.17,1.08,-0.17,0.06,0.53,0.65
2023-06-29,-0.24,-0.07,-0.32,-0.39,-0.13,-0.28
2023-06-30,2.44,1.86,2.61,2.45,2.26,1.85
2023-07-03,1.76,2.52,0.96,2.14,2.26,0.03
2023-07-05,0.26,0.62,0.19,0.62,0.49,0.25
2023-07-06,-0.84,-0.96,-0.57,-1.09,-0.9,-0.29
2023-07-07,-0.05,-0.58,-0.01,0.02,-0.32,-0.52
2023-07-10,-1.25,-1.48,-1.02,-1.16,-1.14,-1.58
2023-07-11,0.33,0.26,0.31,0.48,0.27,0.28
2023-07-12,2.0,1.43,2.24,2.36,1.83,1.43
2023-07-13,2.85,2.22,2.83,3.4,2.41,2.05
2023-07-14,0.01,0.55,-0.27,-0.12,0.13,0.37
2023-07-17,1.9,1.74,1.87,1.94,2.07,0.8
2023-07-18,1.34,1.24,1.36,1.43,1.26,1.04
2023-07-19,-0.4,-0.46,-0.36,-0.61,-0.36,-0.2
2023-07-20,-4.74,-5.55,-3.86,-5.31,-5.24,-2.85
2023-07-21,-1.5,-1.03,-1.68,-1.74,-1.49,-0.62
2023-07-24,1.24,1.62,0.95,1.39,1.45,0.66
2023-07-25,0.76,0.14,1.1,0.87,0.44,0.8
2023-07-26,-0.32,-0.26,-0.14,0.12,-0.25,-0.01
2023-07-27,-0.63,-1.42,-0.1,-0.24,-0.79,-0.81
2023-07-28,2.6,3.04,2.34,2.86,2.86,2.26
2023-07-31,0.08,-0.02,-0.07,-0.1,-0.08,0.02
2023-08-01,-0.95,-1.1,-0.63,-0.92,-0.93,-0.6
2023-08-02,-3.28,-2.68,-3.32,-3.6,-3.0,-2.41
2023-08-03,0.63,0.72,0.35,0.82,0.66,-0.04
2023-08-04,-0.66,-1.18,-1.25,-0.35,-1.53,-0.78
2023-08-07,0.45,0.12,0.48,0.97,0.11,0.43
2023-08-08,-0.98,-0.73,-0.91,-1.16,-0.82,-0.53
2023-08-09,-2.99,-2.28,-3.03,-3.42,-2.8,-1.53
2023-08-10,0.24,0.53,0.04,0.25,0.36,0.16
2023-08-11,-1.7,-0.94,-1.84,-2.06,-1.48,-0.49
2023-08-14,2.64,0.73,3.23,3.07,1.8,1.29
2023-08-15,-1.02,-1.62,-0.71,-0.94,-1.29,-1.15
2023-08-16,-1.52,-1.74,-1.28,-1.73,-1.72,-0.92
2023-08-17,-1.24,-1.61,-1.14,-1.16,-1.66,-0.88
2023-08-18,-0.55,-0.88,-0.36,-0.78,-0.65,-0.49
2023-08-21,5.43,4.19,5.28,6.27,5.2,1.99
2023-08-22,-0.78,0.18,-0.99,-1.1,-0.41,0.21
2023-08-23,2.3,1.92,2.5,2.48,2.21,1.99
2023-08-24,-1.57,-2.31,-1.37,-1.33,-1.89,-2.24
2023-08-25,0.26,1.54,-0.25,-0.11,0.8,0.84
2023-08-28,0.94,0.55,1.16,1.09,0.87,0.63
2023-08-29,4.25,4.41,3.88,4.67,4.54,2.56
2023-08-30,0.66,0.39,0.83,0.47,0.53,0.85
2023-08-31,0.34,0.29,0.21,0.3,0.25,0.28
2023-09-01,-1.82,-2.03,-1.35,-2.24,-2.01,-0.24
2023-09-05,1.31,2.12,0.92,1.47,1.82,0.7
2023-09-06,-2.32,-1.69,-2.52,-2.09,-2.17,-1.79
2023-09-07,-1.07,-0.66,-1.47,-0.8,-1.12,-0.92
2023-09-08,-0.66,-0.25,-0.64,-0.87,-0.62,0.42
2023-09-11,2.81,4.5,1.66,2.92,3.76,1.66
2023-09-12,-1.45,-1.8,-1.35,-1.38,-1.65,-1.58
2023-09-13,1.08,1.06,0.81,1.36,0.92,0.69
2023-09-14,0.85,1.21,0.81,0.95,1.13,0.84
2023-09-15,-2.11,-1.45,-2.26,-2.34,-1.82,-1.53
2023-09-18,-0.64,-1.14,-0.09,-0.86,-0.85,0.21
2023-09-19,-0.25,0.13,-0.2,-0.29,0.07,-0.06
2023-09-20,-2.24,-2.02,-2.36,-2.35,-2.08,-2.29
2023-09-21,-2.36,-2.0,-2.12,-2.54,-2.08,-1.69
2023-09-22,-0.62,-1.62,0.03,-0.62,-1.04,-0.31
2023-09-25,1.05,0.77,1.03,1.07,0.91,0.73
2023-09-26,-1.44,-1.55,-1.31,-1.12,-1.31,-2.07
2023-09-27,0.02,-0.42,0.18,0.29,-0.32,0.06
2023-09-28,1.35,1.43,1.27,1.69,1.51,0.68
2023-09-29,0.84,0.72,0.65,0.71,0.76,0.31
2023-10-02,1.9,1.48,2.1,2.06,1.67,1.87
2023-10-03,-2.26,-2.03,-2.13,-2.36,-2.05,-1.9
2023-10-04,2.52,3.28,1.96,2.75,2.88,1.84
2023-10-05,0.47,0.01,0.69,0.46,0.33,0.17
2023-10-06,1.64,1.39,1.9,1.79,1.55,1.85
2023-10-09,-0.24,0.14,-0.2,-0.39,-0.08,0.5
2023-10-10,0.84,0.67,0.72,1.03,0.84,0.05
2023-10-11,1.21,0.79,1.4,1.36,0.97,1.23
2023-10-12,-0.31,-0.76,-0.15,-0.53,-0.54,-0.23
2023-10-13,-2.48,-2.18,-2.43,-2.76,-2.47,-1.48
2023-10-16,1.18,1.18,1.09,1.39,1.12,1.06
2023-10-17,-1.82,-0.38,-2.13,-1.9,-1.19,-0.57
2023-10-18,-3.17,-2.8,-2.89,-3.54,-3.12,-1.51
2023-10-19,-2.55,-3.68,-1.67,-2.89,-3.38,-0.7
2023-10-20,-2.16,-2.33,-1.89,-2.19,-2.23,-1.74
2023-10-23,1.7,0.79,1.91,2.07,1.33,0.79
2023-10-24,1.33,1.22,1.13,1.47,1.17,0.88
2023-10-25,-2.98,-2.27,-3.03,-3.95,-2.48,-2.57
2023-10-26,-3.11,-3.11,-3.18,-3.28,-3.19,-2.88
2023-10-27,1.06,0.98,0.79,0.86,0.9,1.18
2023-10-30,0.27,-0.47,0.74,0.08,-0.35,1.56
2023-10-31,0.1,0.55,-0.13,-0.04,0.3,0.15
2023-11-01,2.89,2.48,2.94,3.09,2.77,2.29
2023-11-02,2.94,2.96,2.6,2.99,3.1,1.56
2023-11-03,1.62,0.98,1.72,2.09,1.32,0.78
2023-11-06,0.98,0.6,1.16,0.89,0.79,1.04
2023-11-07,1.0,1.16,0.9,0.83,1.04,1.21
2023-11-08,0.67,0.42,0.82,0.74,0.58,0.54
2023-11-09,-1.16,-2.18,-0.53,-1.18,-1.59,-0.88
2023-11-10,2.54,2.34,2.6,2.57,2.5,2.29
2023-11-13,0.91,1.16,0.55,1.23,1.17,-0.3
2023-11-14,2.81,3.13,2.4,3.0,3.09,1.73
2023-11-15,-0.15,0.65,-0.38,-0.21,0.24,0.07
2023-11-16,-0.1,-0.63,0.42,-0.15,-0.47,0.86
2023-11-17,-0.15,-0.32,-0.27,-0.25,-0.17,-0.53
2023-11-20,1.45,1.15,1.58,1.54,1.33,1.24
2023-11-21,-0.09,0.4,-0.33,0.04,0.2,-0.43
2023-11-22,-1.27,-0.73,-1.19,-1.57,-1.24,0.5
2023-11-24,-0.82,-0.31,-1.07,-1.0,-0.64,-0.58
2023-11-27,0.45,0.19,0.4,0.44,0.26,0.16
2023-11-28,0.89,1.9,0.49,0.98,1.47,0.68
2023-11-29,-0.34,-0.9,-0.27,-0.4,-0.6,-0.84
2023-11-30,-1.57,-1.12,-1.61,-2.09,-1.44,-0.58
2023-12-01,-0.13,-0.39,-0.08,-0.3,-0.23,-0.19
2023-12-04,-1.84,-1.52,-1.88,-2.05,-1.67,-1.48
2023-12-05,1.73,1.34,1.78,1.59,1.52,1.48
2023-12-06,-1.12,-0.55,-1.22,-1.16,-0.78,-0.87
2023-12-07,1.85,1.75,1.94,2.35,1.75,1.88
2023-12-08,1.08,0.64,1.23,1.11,1.05,0.45
2023-12-11,-1.57,-1.45,-1.62,-1.72,-1.61,-1.23
2023-12-12,0.89,0.2,1.21,0.95,0.71,0.55
